Date,NumericDeliveryMonth,Open,High,Low,Close,Volume,OI,TotalVolume,TotalOI
2007-04-02,200903,130.25,130.25,130.25,129.45,1,1,22221,154210
2007-04-03,200903,132.0,132.0,132.0,131.7,3,4,20804,154517
2007-04-04,200903,131.55,131.55,131.55,131.55,0,4,12397,151726
2007-04-05,200903,132.5,132.5,132.5,131.85,1,4,9092,149945
2007-04-09,200903,130.65,130.65,130.65,130.65,0,4,24517,151892
2007-04-10,200903,130.55,130.55,130.55,130.55,0,4,29712,150046
2007-04-11,200903,131.05,131.05,131.05,131.05,0,4,22534,149658
2007-04-12,200903,134.1,134.1,134.1,134.1,0,4,42134,149573
2007-04-13,200903,135.2,135.2,135.2,133.0,1,5,33552,146351
2007-04-16,200903,129.4,129.4,129.4,129.4,0,5,47054,147020
2007-04-17,200903,130.4,130.4,130.4,130.4,0,5,28841,144376
2007-04-18,200903,130.3,130.3,130.3,130.3,0,5,31732,142913
2007-04-19,200903,129.75,129.75,129.75,129.75,0,5,38222,139127
2007-04-20,200903,129.0,129.0,129.0,129.0,0,5,14593,138954
2007-04-23,200903,127.55,127.55,127.55,127.55,0,5,16185,140064
2007-04-24,200903,126.05,126.05,126.05,126.05,0,5,23511,142969
2007-04-25,200903,125.75,125.75,125.75,125.75,0,5,10866,143936
2007-04-26,200903,125.4,125.4,125.4,125.4,0,5,15403,144253
2007-04-27,200903,125.5,125.5,125.5,125.5,0,5,18092,145619
2007-04-30,200903,124.75,124.75,124.75,124.75,0,5,13080,147305
2007-05-01,200903,123.75,123.75,123.75,123.75,14,19,39500,153966
2007-05-02,200903,123.7,123.7,123.7,123.7,0,19,10513,155722
2007-05-03,200903,123.3,123.3,123.3,123.3,0,19,10251,156417
2007-05-04,200903,124.9,124.9,124.9,124.9,0,19,15301,156364
2007-05-07,200903,123.65,123.65,123.65,123.65,0,19,11667,157241
2007-05-08,200903,125.4,125.4,125.4,125.4,5,24,12094,158054
2007-05-09,200903,126.75,127.1,126.75,126.85,5,29,13624,157695
2007-05-10,200903,127.0,127.0,127.0,127.0,5,29,14289,159408
2007-05-11,200903,127.15,127.15,127.0,126.3,10,39,9800,159162
2007-05-14,200903,128.0,128.15,127.95,127.4,12,51,14398,160141
2007-05-15,200903,127.8,127.8,127.8,127.8,0,51,12465,160710
2007-05-16,200903,129.0,130.0,129.0,130.15,24,70,23058,160715
2007-05-17,200903,132.0,133.55,132.0,133.5,33,91,28780,159291
2007-05-18,200903,134.5,134.5,132.45,132.4,25,96,16953,159382
2007-05-21,200903,132.5,132.5,132.5,132.5,0,96,14656,158324
2007-05-22,200903,132.35,132.35,132.35,132.2,1,97,15519,158629
2007-05-23,200903,132.5,132.5,132.25,133.1,55,151,19132,159385
2007-05-24,200903,133.6,133.6,133.6,134.3,27,155,15547,159020
2007-05-25,200903,134.7,134.7,134.0,134.2,40,157,17452,163622
2007-05-29,200903,132.5,132.5,132.5,131.95,2,159,19560,161365
2007-05-30,200903,132.0,132.5,132.0,132.6,10,166,17143,160508
2007-05-31,200903,131.65,131.65,131.65,131.65,624,467,21589,163121
2007-06-01,200903,133.95,136.7,133.5,136.45,293,604,47400,161682
2007-06-04,200903,136.1,137.05,136.1,133.6,88,558,29074,158939
2007-06-05,200903,134.85,134.85,134.85,134.85,211,589,22612,159466
2007-06-06,200903,137.0,137.0,135.5,135.55,57,594,34938,161214
2007-06-07,200903,136.0,136.0,136.0,135.8,339,729,32582,161405
2007-06-08,200903,136.2,136.2,133.8,133.45,151,769,37404,160275
2007-06-11,200903,134.1,134.1,134.1,134.1,120,772,42668,160882
2007-06-12,200903,132.35,132.35,132.35,132.35,200,810,36579,161803
2007-06-13,200903,135.0,135.0,135.0,134.3,233,908,44647,161695
2007-06-14,200903,134.0,134.0,134.0,134.0,312,1058,33027,161088
2007-06-15,200903,134.05,134.05,134.05,134.05,186,1009,28675,160044
2007-06-18,200903,133.9,133.9,133.9,133.9,285,1034,34687,156284
2007-06-19,200903,133.3,133.45,133.3,132.6,135,1059,33257,153798
2007-06-20,200903,135.0,135.0,135.0,134.6,107,1064,31422,153060
2007-06-21,200903,133.75,133.75,133.75,133.75,73,1020,16207,149360
2007-06-22,200903,134.15,134.15,134.1,132.8,84,1039,12499,149150
2007-06-25,200903,128.7,128.7,128.7,128.7,112,987,23645,151975
2007-06-26,200903,129.4,129.4,129.4,129.4,134,924,16363,152703
2007-06-27,200903,129.45,129.45,129.45,129.45,143,972,13912,153973
2007-06-28,200903,129.65,129.65,129.65,129.65,290,1060,15807,154712
2007-06-29,200903,129.95,129.95,129.95,129.95,609,885,12717,155308
2007-07-02,200903,129.45,129.45,129.45,129.45,162,977,18398,156595
2007-07-03,200903,128.8,128.8,128.8,128.8,95,998,17833,158500
2007-07-05,200903,127.9,127.9,127.9,127.9,109,997,15189,161039
2007-07-06,200903,127.65,127.65,127.65,127.65,101,996,15145,162472
2007-07-09,200903,127.65,127.65,127.65,127.65,63,1036,8783,164069
2007-07-10,200903,129.1,129.1,129.1,129.1,210,1114,17616,163546
2007-07-11,200903,130.0,130.0,130.0,130.0,861,1282,14914,163799
2007-07-12,200903,130.0,130.0,130.0,130.25,613,1508,21789,166900
2007-07-13,200903,128.75,128.75,128.75,128.75,196,1549,12373,169481
2007-07-16,200903,130.75,130.75,130.75,130.75,496,1566,16403,171369
2007-07-17,200903,131.6,131.6,131.6,131.6,749,1707,13943,170200
2007-07-18,200903,133.05,133.05,133.05,133.05,499,1897,16475,169887
2007-07-19,200903,133.3,133.3,133.3,133.3,474,1944,21945,170100
2007-07-20,200903,133.7,133.7,133.1,132.95,138,2021,8159,170310
2007-07-23,200903,132.95,132.95,132.95,131.45,72,2000,18831,173635
2007-07-24,200903,133.65,134.0,133.65,135.0,460,2448,33909,171727
2007-07-25,200903,133.05,133.05,133.0,132.9,243,2419,16096,172197
2007-07-26,200903,133.6,133.7,133.6,130.4,463,2258,22633,171564
2007-07-27,200903,132.0,132.0,132.0,131.8,291,2191,16580,171351
2007-07-30,200903,132.25,132.25,132.25,132.25,254,2256,16345,173842
2007-07-31,200903,131.5,133.0,131.3,133.3,634,2204,18108,175837
2007-08-01,200903,133.0,133.0,133.0,132.25,72,2209,19856,174571
2007-08-02,200903,133.0,134.4,133.0,134.7,276,2311,46439,174163
2007-08-03,200903,134.9,136.25,134.9,135.85,146,2373,22765,173255
2007-08-06,200903,135.1,137.0,135.1,136.45,85,2352,26610,173290
2007-08-07,200903,136.0,136.0,135.2,135.6,59,2401,30223,171918
2007-08-08,200903,135.3,136.55,135.3,136.4,140,2503,25778,171653
2007-08-09,200903,136.9,137.1,136.9,137.3,70,2518,32066,169247
2007-08-10,200903,137.8,138.0,137.5,138.3,19,2526,40025,166209
2007-08-13,200903,137.0,139.1,137.0,138.45,32,2543,49237,171657
2007-08-14,200903,138.0,139.0,138.0,136.55,121,2552,33970,166572
2007-08-15,200903,136.75,136.75,136.75,136.75,184,2538,25205,166542
2007-08-16,200903,135.15,135.15,135.05,129.4,66,2533,47849,162941
2007-08-17,200903,133.55,133.55,133.55,133.8,42,2536,25113,158885
2007-08-20,200903,133.7,133.7,133.7,133.2,41,2539,23515,157985
2007-08-21,200903,132.85,132.85,132.85,132.85,155,2524,29503,159535
2007-08-22,200903,133.3,133.3,133.3,133.3,3,2527,32682,155070
2007-08-23,200903,134.05,134.05,134.05,133.85,244,2564,12015,153509
2007-08-24,200903,133.5,133.5,133.5,133.5,158,2531,23400,152796
2007-08-27,200903,131.65,131.65,131.65,131.65,4,2531,7915,153420
2007-08-28,200903,132.1,132.1,132.1,132.1,86,2581,11313,153817
2007-08-29,200903,131.3,131.3,130.5,130.75,8,2579,10956,155473
2007-08-30,200903,130.25,130.6,130.25,130.65,117,2580,8219,155867
2007-08-31,200903,130.6,130.6,130.0,130.2,367,2536,11968,157247
2007-09-04,200903,131.8,133.15,131.8,132.25,29,2529,17474,158302
2007-09-05,200903,130.85,130.85,130.85,130.85,60,2499,14197,157041
2007-09-06,200903,131.5,131.5,131.5,131.75,4,2502,7117,157233
2007-09-07,200903,131.9,131.9,131.9,131.75,657,3088,15505,156358
2007-09-10,200903,131.95,134.6,131.95,133.7,166,3066,20008,159522
2007-09-11,200903,133.25,133.25,133.25,133.25,0,3066,9276,158880
2007-09-12,200903,134.15,134.15,134.15,133.9,13,3059,8718,159160
2007-09-13,200903,133.5,133.5,133.5,133.5,9,3055,10889,159732
2007-09-14,200903,134.5,135.3,134.5,134.9,8,3063,11978,160650
2007-09-17,200903,134.5,140.5,134.5,140.4,468,3275,46625,162699
2007-09-18,200903,140.0,142.3,140.0,142.35,1446,2360,36552,161055
2007-09-19,200903,142.35,143.4,141.55,143.55,45,2405,24746,163702
2007-09-20,200903,143.0,146.5,143.0,145.35,218,2554,27389,166103
2007-09-21,200903,143.5,143.5,142.85,143.2,86,2604,24339,163960
2007-09-24,200903,144.05,145.75,144.05,145.3,635,2844,21032,166445
2007-09-25,200903,145.1,147.1,145.0,145.5,123,2844,23835,168146
2007-09-26,200903,141.8,141.85,140.3,141.75,73,2879,20049,168861
2007-09-27,200903,142.7,143.0,141.8,142.0,296,2708,16043,169298
2007-09-28,200903,141.15,141.2,141.05,141.5,459,2442,18153,169316
2007-10-01,200903,142.0,147.75,142.0,146.9,554,2462,34607,171338
2007-10-02,200903,146.0,147.0,145.45,146.4,105,2534,15719,170840
2007-10-03,200903,146.5,148.05,146.4,148.1,128,2632,16269,173217
2007-10-04,200903,147.5,148.5,146.8,147.05,28,2648,16545,172292
2007-10-05,200903,146.7,149.0,146.7,148.4,81,2654,17601,173770
2007-10-08,200903,149.5,149.75,148.5,149.55,183,2761,18481,175702
2007-10-09,200903,147.85,148.4,144.9,145.55,133,2872,21503,176866
2007-10-10,200903,146.7,146.75,145.6,144.9,292,2976,16690,176475
2007-10-11,200903,148.0,150.5,147.6,149.25,290,3057,23710,177466
2007-10-12,200903,150.0,150.5,148.85,150.0,95,3086,15717,179434
2007-10-15,200903,146.8,146.8,141.4,142.3,166,3033,31309,177424
2007-10-16,200903,142.35,142.35,141.0,141.6,270,3205,25808,176688
2007-10-17,200903,142.8,142.8,141.7,143.05,299,2983,16300,176818
2007-10-18,200903,137.2,138.5,137.2,139.3,961,2924,41344,174052
2007-10-19,200903,138.35,138.35,138.3,138.6,85,2931,13003,171665
2007-10-22,200903,137.9,137.9,137.9,137.9,174,2985,29757,172649
2007-10-23,200903,136.7,136.7,136.6,138.1,27,2989,17189,172511
2007-10-24,200903,137.85,137.85,137.85,138.0,230,2966,13841,171905
2007-10-25,200903,136.55,136.55,136.55,136.55,573,3238,24107,170396
2007-10-26,200903,137.75,137.75,137.65,138.2,216,3334,17900,169959
2007-10-29,200903,138.3,138.4,138.0,138.9,246,3158,14021,169309
2007-10-30,200903,138.1,138.3,137.0,138.35,1545,3294,26392,168366
2007-10-31,200903,138.0,138.85,138.0,137.75,44,3305,16225,169660
2007-11-01,200903,138.4,140.0,138.3,139.5,250,3230,27514,168554
2007-11-02,200903,139.75,139.75,136.35,136.1,154,3283,30504,168421
2007-11-05,200903,136.95,137.2,136.95,137.25,165,3316,16833,164831
2007-11-06,200903,137.75,137.75,137.75,138.45,79,3353,18481,163302
2007-11-07,200903,138.4,138.4,138.4,138.4,136,3326,33887,161739
2007-11-08,200903,140.0,140.0,139.15,139.4,106,3364,36000,157499
2007-11-09,200903,139.75,139.75,139.4,139.1,84,3373,24436,156681
2007-11-12,200903,139.15,139.5,136.9,139.4,542,3446,43581,158218
2007-11-13,200903,141.0,142.5,140.1,140.15,81,3483,33191,159930
2007-11-14,200903,140.95,142.3,140.95,141.95,172,3401,20518,160935
2007-11-15,200903,140.85,143.25,140.85,142.3,94,3385,21623,157997
2007-11-16,200903,142.7,142.7,142.1,142.35,77,3374,31649,158097
2007-11-19,200903,141.65,141.65,139.0,139.35,86,3351,41984,156202
2007-11-20,200903,141.1,141.1,141.1,141.1,14,3351,12727,153591
2007-11-21,200903,140.2,140.6,140.2,139.9,23,3361,13495,152566
2007-11-26,200903,139.8,139.8,139.3,139.05,82,3426,7450,151995
2007-11-27,200903,138.85,138.85,138.75,139.05,15,3441,13207,152293
2007-11-28,200903,139.05,144.0,139.05,142.25,81,3424,18276,152780
2007-11-29,200903,142.25,142.65,142.05,142.05,144,3530,6687,152781
2007-11-30,200903,141.85,144.35,141.8,142.7,33,3542,16944,154516
2007-12-03,200903,142.6,143.8,142.6,143.35,18,3555,11518,155118
2007-12-04,200903,143.35,144.25,143.35,144.05,62,3580,10582,155570
2007-12-05,200903,143.8,144.65,143.8,144.65,39,3608,7952,156184
2007-12-06,200903,143.0,143.0,142.65,142.95,284,3647,11639,156585
2007-12-07,200903,144.0,145.0,144.0,145.05,19,3666,8360,157413
2007-12-10,200903,144.95,147.6,144.95,147.4,116,3736,14194,157489
2007-12-11,200903,147.4,148.75,147.2,147.6,80,3814,14720,159046
2007-12-12,200903,147.05,148.6,147.05,148.45,98,3831,14038,160186
2007-12-13,200903,148.45,148.75,146.8,147.6,101,3852,10720,160671
2007-12-14,200903,147.6,148.1,147.3,148.15,950,3898,9632,159917
2007-12-17,200903,148.1,149.1,147.2,147.5,77,3930,12914,160705
2007-12-18,200903,147.2,148.95,147.2,148.6,23,3948,9426,161560
2007-12-19,200903,148.2,149.6,148.2,148.6,226,3886,13411,162771
2007-12-20,200903,147.7,148.6,147.35,147.85,34,3899,8772,163288
2007-12-21,200903,147.95,148.5,147.95,148.4,33,3914,3866,163597
2007-12-26,200903,147.95,148.5,144.3,147.75,46,3954,11495,164076
2007-12-27,200903,147.75,147.75,146.1,146.05,47,3982,10840,163622
2007-12-28,200903,147.5,147.5,147.0,147.2,312,3984,9690,162696
2007-12-31,200903,149.0,150.5,148.75,150.15,75,4047,15049,165819
2008-01-02,200903,150.45,150.45,147.2,148.0,61,4058,13508,166496
2008-01-03,200903,148.0,150.0,148.0,149.15,92,4080,11088,167999
2008-01-04,200903,149.1,149.25,149.1,146.5,81,4121,16160,168488
2008-01-07,200903,145.6,145.6,145.6,145.4,38,4130,16032,169626
2008-01-08,200903,147.2,149.9,147.2,149.5,69,4158,20807,171672
2008-01-09,200903,148.9,149.5,148.9,149.75,44,4082,21109,172225
2008-01-10,200903,149.0,151.0,149.0,150.9,135,4140,19309,173287
2008-01-11,200903,150.9,151.5,150.3,150.6,252,4250,19604,176101
2008-01-14,200903,150.0,151.9,150.0,151.85,112,4303,23592,178565
2008-01-15,200903,152.0,153.45,151.65,151.05,164,4357,26698,180100
2008-01-16,200903,150.0,150.2,148.25,149.2,317,4292,17321,179611
2008-01-17,200903,149.8,149.8,149.0,148.8,41,4317,14625,179043
2008-01-18,200903,147.35,147.4,147.3,147.6,103,3736,15918,178056
2008-01-22,200903,145.85,146.0,144.8,149.45,93,3746,32341,175730
2008-01-23,200903,148.0,148.0,145.95,145.75,86,3755,19039,176067
2008-01-24,200903,145.75,147.8,145.75,146.85,257,3760,17399,176510
2008-01-25,200903,145.9,145.9,145.9,145.9,11,3761,15199,177802
2008-01-28,200903,147.6,148.5,147.6,148.55,39,3780,20192,179971
2008-01-29,200903,148.75,149.0,148.25,148.0,152,3790,20942,183544
2008-01-30,200903,148.5,151.05,148.5,150.7,313,3923,30431,183449
2008-01-31,200903,150.8,152.15,150.8,152.25,73,3969,27782,184344
2008-02-01,200903,152.5,153.25,152.3,153.05,238,4038,29079,185951
2008-02-04,200903,153.5,156.5,153.35,156.2,379,4265,34708,186768
2008-02-05,200903,155.45,156.2,154.45,155.85,206,4405,24385,190091
2008-02-06,200903,155.65,156.25,154.6,156.3,526,4423,33104,189782
2008-02-07,200903,156.0,156.5,155.05,156.45,142,4517,36178,188748
2008-02-08,200903,155.9,160.1,155.9,160.15,924,4685,55966,191139
2008-02-11,200903,158.25,161.2,158.25,160.65,264,4711,49399,190373
2008-02-12,200903,160.0,161.35,159.9,160.9,158,4764,48980,192447
2008-02-13,200903,160.0,163.0,159.95,162.85,816,4966,45953,198268
2008-02-14,200903,163.0,165.45,163.0,165.55,449,5072,49190,203766
2008-02-15,200903,163.4,169.3,161.85,162.45,821,5278,59085,204360
2008-02-19,200903,162.95,168.2,162.95,167.7,977,5449,59868,201843
2008-02-20,200903,168.25,168.25,165.5,167.8,149,5563,51803,194217
2008-02-21,200903,168.0,170.55,168.0,169.75,314,5799,21324,194578
2008-02-22,200903,169.75,173.5,169.75,172.85,479,6151,21200,192827
2008-02-25,200903,174.4,175.65,172.7,174.35,321,6273,20259,193712
2008-02-26,200903,173.55,173.55,170.85,170.9,776,6650,21493,191977
2008-02-27,200903,173.65,176.35,173.0,174.3,314,6764,20568,192419
2008-02-28,200903,175.6,178.0,173.0,177.6,541,6972,22324,193573
2008-02-29,200903,177.35,181.6,176.1,176.85,433,7023,24531,194260
2008-03-03,200903,176.25,178.0,175.9,177.6,234,7085,20072,192406
2008-03-04,200903,177.6,178.3,173.3,175.3,347,7177,24777,192088
2008-03-05,200903,173.2,175.2,172.6,174.15,437,7240,20107,190979
2008-03-06,200903,173.25,175.6,164.45,164.9,594,7242,34052,190105
2008-03-07,200903,164.6,165.0,158.2,161.8,586,7374,42785,193936
2008-03-10,200903,161.4,161.5,160.0,160.65,173,7319,15124,189061
2008-03-11,200903,163.2,163.35,160.0,162.45,91,7329,16354,187900
2008-03-12,200903,164.5,165.5,164.0,164.6,118,7365,16365,186695
2008-03-13,200903,166.65,169.0,166.65,168.4,88,7359,15281,185905
2008-03-14,200903,169.7,170.4,159.35,162.9,300,7328,30934,183497
2008-03-17,200903,153.15,153.15,145.7,146.9,838,6991,58965,176475
2008-03-18,200903,149.1,150.2,146.0,148.55,581,7144,28725,176631
2008-03-19,200903,150.0,150.0,142.75,143.9,192,7110,34592,174811
2008-03-20,200903,140.0,142.55,137.05,142.1,413,7281,37093,171105
2008-03-24,200903,142.0,142.0,139.85,140.0,139,7331,15602,169674
2008-03-25,200903,143.95,144.35,142.0,144.05,725,7456,20669,169494
2008-03-26,200903,146.1,146.6,142.8,143.85,162,7481,18705,169273
2008-03-27,200903,144.25,145.0,141.55,144.2,205,7486,12451,168832
2008-03-28,200903,142.0,142.35,141.65,142.05,293,7403,16270,168002
2008-03-31,200903,142.1,142.6,138.85,139.15,527,7501,36605,162285
2008-04-01,200903,138.75,141.0,138.1,140.85,398,7574,24318,160969
2008-04-02,200903,141.0,142.45,140.5,140.45,334,7628,19476,160578
2008-04-03,200903,142.75,142.75,142.75,143.1,183,7687,16740,160018
2008-04-04,200903,142.65,143.85,142.65,143.75,324,7758,12146,160274
2008-04-07,200903,145.25,145.4,144.75,145.45,161,7755,27102,160474
2008-04-08,200903,145.0,145.65,144.7,145.1,215,7764,26063,161591
2008-04-09,200903,143.25,148.85,143.25,148.35,469,7672,45189,162145
2008-04-10,200903,148.4,149.0,143.25,143.45,264,7699,43171,167149
2008-04-11,200903,144.5,144.6,142.15,142.4,261,7613,38083,172957
2008-04-14,200903,142.2,143.15,142.1,142.6,64,7595,24268,169544
2008-04-15,200903,143.3,145.6,143.3,145.6,262,7702,26881,167583
2008-04-16,200903,148.0,148.0,146.9,146.2,295,7735,29428,166047
2008-04-17,200903,148.7,151.0,148.7,150.95,492,7797,37902,165674
2008-04-18,200903,150.25,150.25,144.4,146.55,554,8110,32874,165661
2008-04-21,200903,146.5,147.55,142.3,142.65,70,8111,36298,163176
2008-04-22,200903,143.15,146.1,143.15,145.75,623,8367,36568,155657
2008-04-23,200903,145.65,146.25,143.9,145.4,183,8396,9418,154228
2008-04-24,200903,143.75,144.5,140.5,140.65,160,8392,13371,153579
2008-04-25,200903,141.15,141.2,138.5,140.25,189,8374,19466,152639
2008-04-28,200903,141.95,143.9,141.8,143.5,229,8505,15161,150763
2008-04-29,200903,144.2,144.45,143.35,144.4,163,8489,10080,151237
2008-04-30,200903,144.35,144.6,143.65,144.5,503,8524,11999,150031
2008-05-01,200903,140.7,140.7,138.4,138.5,798,8979,25490,151249
2008-05-02,200903,139.8,139.8,138.5,138.7,48,8980,19846,149509
2008-05-05,200903,138.7,138.75,138.7,141.85,68,8975,12304,148301
2008-05-06,200903,142.0,143.0,141.7,142.8,16,8969,12472,148003
2008-05-07,200903,143.0,143.0,139.15,140.4,371,9047,13690,148184
2008-05-08,200903,142.1,144.2,142.1,143.75,198,9092,18249,147856
2008-05-09,200903,143.75,147.85,143.75,145.65,236,9195,24112,147788
2008-05-12,200903,145.8,148.1,145.8,147.65,89,9192,12856,148546
2008-05-13,200903,147.05,147.05,145.25,146.45,342,9336,13214,148899
2008-05-14,200903,145.8,146.65,145.8,146.6,630,9637,11866,148310
2008-05-15,200903,147.5,147.5,146.8,145.7,316,9751,12776,148750
2008-05-16,200903,146.85,146.95,146.05,146.9,278,9805,9898,148773
2008-05-19,200903,148.5,148.5,143.9,144.15,127,9808,20250,150287
2008-05-20,200903,146.2,146.25,145.5,145.85,46,9795,15421,150178
2008-05-21,200903,149.0,150.0,148.8,149.55,523,9805,29329,153807
2008-05-22,200903,150.3,150.85,142.85,143.25,185,9789,23430,152755
2008-05-23,200903,143.45,144.0,142.95,142.95,166,9763,14858,152123
2008-05-27,200903,143.9,143.9,140.8,141.1,162,9766,17200,151882
2008-05-28,200903,141.8,145.0,141.05,144.75,77,9814,17192,151518
2008-05-29,200903,144.85,145.05,141.55,141.65,266,9768,17350,151382
2008-05-30,200903,141.85,143.05,141.85,142.95,270,9866,13084,152312
2008-06-02,200903,143.1,146.6,143.1,146.55,701,10159,32090,156919
2008-06-03,200903,141.35,142.5,141.35,141.85,420,10416,32402,153194
2008-06-04,200903,141.35,142.85,141.35,142.05,122,10438,22481,154631
2008-06-05,200903,145.0,146.1,145.0,145.1,391,10463,27856,151131
2008-06-06,200903,145.8,146.15,145.55,145.15,118,10481,28307,147723
2008-06-09,200903,145.15,145.15,140.0,140.4,235,10482,42774,149052
2008-06-10,200903,141.1,145.0,141.1,144.35,394,10467,39262,148748
2008-06-11,200903,144.0,144.5,142.7,142.95,2659,11169,42100,148836
2008-06-12,200903,142.95,143.75,142.95,143.9,620,11181,31617,150794
2008-06-13,200903,144.05,144.1,143.65,143.7,98,11070,17270,145737
2008-06-16,200903,144.05,148.85,144.0,145.8,1030,11421,85511,146320
2008-06-17,200903,145.75,148.95,145.7,148.9,194,11432,35446,144066
2008-06-18,200903,148.55,148.95,146.25,146.45,114,11405,36268,138934
2008-06-19,200903,147.35,148.95,146.5,146.8,448,11659,34111,134934
2008-06-20,200903,147.5,155.3,147.5,153.9,450,11793,27967,138953
2008-06-23,200903,153.35,155.0,152.1,153.5,191,11695,20963,139573
2008-06-24,200903,153.55,157.85,153.55,155.4,355,11818,16744,140857
2008-06-25,200903,156.0,158.35,154.65,157.3,799,11711,17338,141969
2008-06-26,200903,157.85,162.0,157.85,160.6,611,11771,21201,145322
2008-06-27,200903,160.8,161.75,158.6,159.45,315,11816,11062,145374
2008-06-30,200903,158.0,163.1,157.5,160.15,726,11990,19304,146413
2008-07-01,200903,161.65,162.7,161.15,162.35,254,12104,12972,148775
2008-07-02,200903,161.75,163.0,160.75,162.9,606,12394,14049,150230
2008-07-03,200903,161.5,161.75,158.3,158.85,357,12488,11610,150763
2008-07-07,200903,156.4,157.65,148.55,150.4,518,12567,22707,150060
2008-07-08,200903,150.0,150.0,146.1,149.6,378,12500,26107,148715
2008-07-09,200903,149.0,149.0,147.0,147.8,206,12582,10624,147950
2008-07-10,200903,147.95,148.85,146.8,148.75,486,12621,14057,145957
2008-07-11,200903,149.65,149.9,149.0,149.3,209,12644,9807,144173
2008-07-14,200903,149.4,151.0,147.5,150.05,293,12535,7895,143832
2008-07-15,200903,150.0,151.15,147.75,147.9,195,12550,16211,145873
2008-07-16,200903,148.0,149.0,147.1,148.15,41,12540,11063,145950
2008-07-17,200903,148.15,149.4,144.5,144.85,2185,13194,27457,145515
2008-07-18,200903,145.3,146.0,144.0,145.05,532,13029,15978,147059
2008-07-21,200903,144.6,145.25,144.0,144.55,702,13202,7429,146731
2008-07-22,200903,145.8,145.8,144.25,144.7,492,12999,9048,146500
2008-07-23,200903,144.5,144.5,142.2,143.2,766,13028,16663,146701
2008-07-24,200903,142.7,142.75,141.55,142.5,548,12835,11271,145744
2008-07-25,200903,143.25,144.95,142.5,144.65,305,12789,12581,146654
2008-07-28,200903,144.65,144.65,142.35,142.6,142,12830,9636,147503
2008-07-29,200903,143.0,144.65,142.5,143.75,1253,12547,14445,146668
2008-07-30,200903,144.75,145.45,144.0,144.9,923,12738,13518,147313
2008-07-31,200903,144.9,147.0,144.9,146.8,645,12741,22789,146712
2008-08-01,200903,145.35,147.85,145.35,147.6,293,12893,16240,146637
2008-08-04,200903,145.9,145.95,142.55,144.3,307,12873,27114,144464
2008-08-05,200903,143.5,149.5,143.5,147.6,557,13083,27957,145055
2008-08-06,200903,147.9,148.2,145.0,145.35,1917,13787,24775,142155
2008-08-07,200903,145.2,149.15,145.2,148.0,1892,13422,27096,142303
2008-08-08,200903,147.7,147.7,143.35,143.4,1071,13289,46995,138060
2008-08-11,200903,144.0,145.4,143.55,143.55,816,13071,27919,136160
2008-08-12,200903,144.05,147.5,142.15,145.0,937,13130,43982,132765
2008-08-13,200903,144.4,144.4,141.0,143.15,1413,13212,41568,134311
2008-08-14,200903,142.6,144.5,142.25,142.8,310,13367,24827,132717
2008-08-15,200903,142.0,142.35,138.9,140.5,950,13607,23372,131468
2008-08-18,200903,140.85,142.25,140.75,141.65,879,14012,32785,130928
2008-08-19,200903,141.0,145.35,140.8,143.85,1133,14139,29874,128667
2008-08-20,200903,143.95,145.75,143.8,144.9,510,14541,26576,125371
2008-08-21,200903,145.5,148.95,145.5,147.35,1972,15352,16397,124983
2008-08-22,200903,147.7,148.45,145.85,147.9,930,15361,10468,125840
2008-08-25,200903,147.0,147.75,146.45,146.95,297,15416,4851,126211
2008-08-26,200903,146.95,152.25,146.0,151.6,675,15611,16029,126493
2008-08-27,200903,151.6,155.7,151.5,151.75,1148,16165,21113,125079
2008-08-28,200903,151.5,154.75,150.65,151.45,647,16416,12795,128405
2008-08-29,200903,152.4,153.5,148.9,149.4,625,16399,9269,128660
2008-09-02,200903,149.3,149.3,145.6,148.2,2470,17033,17140,127113
2008-09-03,200903,148.5,148.9,146.3,147.1,5770,17233,20172,124635
2008-09-04,200903,147.6,150.75,147.0,150.45,1384,17710,12452,124923
2008-09-05,200903,150.35,151.05,144.9,146.4,3493,17889,23464,123864
2008-09-08,200903,147.5,147.5,145.6,146.8,6390,18134,19087,123042
2008-09-09,200903,145.5,146.8,143.8,144.0,1745,18978,16742,123156
2008-09-10,200903,143.75,145.25,142.5,144.7,1607,19998,14225,125370
2008-09-11,200903,143.75,143.75,141.1,142.35,2273,20599,16855,125166
2008-09-12,200903,142.35,143.7,142.2,143.1,2211,20985,11603,123846
2008-09-15,200903,143.1,143.9,140.15,142.9,2790,20346,18569,124530
2008-09-16,200903,142.0,142.05,136.95,137.3,3620,20942,32088,126229
2008-09-17,200903,137.9,139.0,135.8,136.8,2825,21175,18768,124646
2008-09-18,200903,137.8,139.6,134.25,134.35,2327,21015,20756,123638
2008-09-19,200903,134.55,138.2,134.25,136.95,1433,20596,14030,125709
2008-09-22,200903,138.0,141.0,137.8,140.55,2687,20542,14351,124554
2008-09-23,200903,141.35,141.35,138.6,138.85,1890,20318,10702,123753
2008-09-24,200903,139.4,140.8,138.6,139.6,1531,20782,8625,125561
2008-09-25,200903,139.6,142.2,137.9,141.55,2073,21970,15475,126304
2008-09-26,200903,142.15,142.15,137.0,138.3,15750,29643,39212,137485
2008-09-29,200903,138.0,138.1,133.75,134.6,4147,30437,21481,137479
2008-09-30,200903,134.25,135.7,133.25,134.8,2155,30988,14181,137031
2008-10-01,200903,135.25,136.0,132.85,133.4,2611,32117,17238,137094
2008-10-02,200903,133.35,133.85,129.4,129.9,4105,32405,21123,136637
2008-10-03,200903,129.9,130.35,126.3,126.75,5906,32956,24754,137904
2008-10-06,200903,126.15,126.75,117.8,119.3,9717,33112,41411,138201
2008-10-07,200903,119.15,121.1,118.9,119.1,3760,32081,17015,138300
2008-10-08,200903,118.6,120.75,114.4,119.5,5637,30926,24841,137364
2008-10-09,200903,119.5,121.4,119.35,119.5,3832,30926,12774,137364
2008-10-10,200903,119.25,121.2,115.3,120.2,4788,31473,19703,135670
2008-10-13,200903,119.9,125.0,119.9,122.5,1996,30495,12418,131667
2008-10-14,200903,123.1,125.85,123.1,123.8,2931,30722,12911,132198
2008-10-15,200903,123.0,123.8,117.1,118.15,2100,30756,13082,130683
2008-10-16,200903,117.5,120.45,116.4,117.85,2690,30644,14855,130715
2008-10-17,200903,119.5,121.1,118.5,120.45,3508,31207,13235,129395
2008-10-20,200903,121.6,122.1,119.05,119.15,1773,31108,9381,129569
2008-10-21,200903,120.25,121.0,118.3,119.05,1421,31117,8362,129213
2008-10-22,200903,119.5,119.5,117.0,117.4,2180,31328,9943,130258
2008-10-23,200903,116.95,117.75,114.65,115.0,3253,30824,14496,129314
2008-10-24,200903,114.75,116.4,111.3,113.55,4094,30665,17726,129053
2008-10-27,200903,112.9,113.3,110.1,112.6,3011,30711,14489,128290
2008-10-28,200903,114.1,115.7,111.95,112.65,2315,31267,10157,128577
2008-10-29,200903,115.0,118.9,114.9,117.1,2859,31271,13157,127533
2008-10-30,200903,119.5,119.5,115.4,115.9,4038,31618,22139,127172
2008-10-31,200903,115.9,118.8,114.15,117.75,5381,32907,19241,126400
2008-11-03,200903,117.9,119.3,116.3,117.25,2450,33633,10796,125390
2008-11-04,200903,117.3,122.75,117.2,121.55,3417,34530,17738,125623
2008-11-05,200903,120.0,123.35,119.85,121.25,5384,35905,17518,125381
2008-11-06,200903,120.2,121.0,114.3,115.85,8724,39937,27278,124406
2008-11-07,200903,115.5,117.4,115.5,117.0,8711,43399,21756,125314
2008-11-10,200903,117.3,121.15,117.1,117.5,13512,48142,35052,124556
2008-11-11,200903,118.0,118.4,116.35,116.95,14312,53261,34690,122993
2008-11-12,200903,118.0,118.0,115.6,116.4,11097,58214,26540,116776
2008-11-13,200903,115.9,119.25,114.85,114.95,13610,63964,33077,118544
2008-11-14,200903,115.8,117.1,115.0,115.45,8733,66316,18134,116379
2008-11-17,200903,115.45,116.45,110.6,114.7,18948,70045,35001,117079
2008-11-18,200903,114.85,115.85,113.7,114.6,10417,71981,24918,111924
2008-11-19,200903,114.15,117.85,112.7,114.05,13609,71832,18449,110268
2008-11-20,200903,113.5,113.5,111.1,111.35,9929,72500,12456,109861
2008-11-21,200903,111.0,113.1,110.65,110.75,6660,72370,8833,108190
2008-11-24,200903,111.05,115.25,110.9,114.05,9801,72123,12455,107578
2008-11-25,200903,114.45,115.8,113.3,114.4,6751,72218,8003,108048
2008-11-26,200903,114.25,116.8,113.9,116.3,7702,72426,11698,108687
2008-11-28,200903,117.5,117.5,114.9,116.1,5634,72430,8954,109212
2008-12-01,200903,115.8,116.0,112.9,113.55,13272,71691,16021,108832
2008-12-02,200903,113.65,114.3,110.9,111.9,9295,72152,11483,109380
2008-12-03,200903,111.8,113.0,110.3,111.25,11777,73633,14934,112175
2008-12-04,200903,110.5,110.95,105.55,106.15,16233,75153,20197,115054
2008-12-05,200903,106.65,108.0,102.15,103.2,13528,74172,19975,115984
2008-12-08,200903,105.0,109.9,104.95,109.5,11892,72669,14638,114902
2008-12-09,200903,109.05,112.1,107.0,109.85,11742,71681,13421,114655
2008-12-10,200903,109.85,111.7,109.2,111.05,7237,72066,9115,115427
2008-12-11,200903,111.2,113.7,111.2,112.7,14712,72936,31477,117999
2008-12-12,200903,111.5,113.45,110.4,112.15,6627,73580,13490,120154
2008-12-15,200903,113.0,114.0,109.9,110.55,9854,71837,16731,119185
2008-12-16,200903,110.8,111.95,110.25,111.1,5608,71709,8265,119674
2008-12-17,200903,112.2,113.8,110.9,112.3,8013,71578,10190,120097
2008-12-18,200903,112.5,113.6,111.7,112.5,5019,71491,6705,120326
2008-12-19,200903,112.25,112.35,110.25,110.95,4797,71198,6283,120523
2008-12-22,200903,111.0,111.25,107.05,108.35,6647,71323,9300,121505
2008-12-23,200903,108.0,108.9,107.05,107.45,3142,70967,3884,121339
2008-12-24,200903,107.5,108.55,107.35,108.05,1214,71152,1720,121789
2008-12-26,200903,108.3,109.35,107.95,108.4,1185,71257,1656,122073
2008-12-29,200903,108.35,109.35,106.25,106.65,4712,71839,6208,123154
2008-12-30,200903,106.55,108.0,106.55,107.55,2863,71992,4236,122856
2008-12-31,200903,107.75,113.0,107.25,112.05,8048,72321,10646,123850
2009-01-02,200903,111.85,112.05,109.1,110.9,4176,72497,4603,124184
2009-01-05,200903,110.9,111.6,106.05,107.7,12885,74048,15310,126591
2009-01-06,200903,108.5,116.7,108.25,116.1,22667,74283,26466,127437
2009-01-07,200903,116.0,117.2,113.75,114.2,12441,74425,21775,127091
2009-01-08,200903,113.8,116.4,113.05,113.45,8512,72370,12217,125261
2009-01-09,200903,114.05,119.5,113.75,116.9,14566,74185,22313,128693
2009-01-12,200903,115.9,118.85,114.3,114.5,8701,72343,10978,127223
2009-01-13,200903,114.05,116.85,113.55,114.75,8227,71817,11620,127162
2009-01-14,200903,115.8,116.65,114.35,114.65,7473,70143,10717,125738
2009-01-15,200903,115.0,115.65,113.25,113.9,7781,69846,10430,126156
2009-01-16,200903,115.05,117.5,115.0,115.8,9204,69399,17505,127266
2009-01-20,200903,114.3,116.35,113.9,114.9,6367,69450,9949,128222
2009-01-21,200903,115.0,118.0,112.7,117.55,14678,68486,21577,129651
2009-01-22,200903,117.75,120.4,117.55,119.45,18952,65925,34232,132696
2009-01-23,200903,119.0,120.6,118.0,119.65,7252,65865,11314,133898
2009-01-26,200903,119.05,122.5,118.75,122.2,9422,64495,14130,133317
2009-01-27,200903,122.45,123.4,120.35,121.9,10552,64276,17068,134488
2009-01-28,200903,122.0,122.75,120.9,122.5,5408,63950,8123,134666
2009-01-29,200903,122.3,122.5,120.65,121.5,5984,62658,12228,135599
2009-01-30,200903,121.3,121.85,117.9,118.9,11556,61979,16831,136200
2009-02-02,200903,118.9,120.5,117.0,119.75,10578,59416,18330,136115
2009-02-03,200903,119.75,120.2,117.8,119.25,9932,58256,17992,137744
2009-02-04,200903,119.25,119.25,115.3,115.9,13848,56258,24376,136845
2009-02-05,200903,115.85,119.85,114.1,119.2,13727,54165,23005,138473
2009-02-06,200903,118.8,120.75,117.75,119.55,16663,49215,29385,138754
2009-02-09,200903,118.5,122.15,118.25,121.4,15792,44155,26726,138161
2009-02-10,200903,120.75,121.4,116.4,116.85,19397,38170,33734,136959
2009-02-11,200903,116.65,118.1,115.45,115.8,16198,29861,29464,134878
2009-02-12,200903,115.8,116.45,111.4,112.15,23475,22079,52079,129187
2009-02-13,200903,112.9,113.55,111.15,112.35,8988,17690,23118,130163
2009-02-17,200903,112.35,112.35,110.0,110.35,9431,14069,24050,130901
2009-02-18,200903,110.2,110.9,108.3,108.85,13260,3072,37479,122706
2009-02-19,200903,108.75,110.6,108.65,109.7,1289,1109,12467,120714
2009-02-20,200903,109.6,109.95,108.25,108.9,269,610,10890,122189
2009-02-23,200903,110.2,111.85,109.8,110.85,111,516,7556,122504
2009-02-24,200903,110.7,111.7,110.05,111.2,56,441,5888,123023
2009-02-25,200903,111.05,111.6,110.15,110.65,60,401,7353,123801
2009-02-26,200903,111.05,111.6,110.2,110.7,39,154,11659,123855
2009-02-27,200903,110.45,110.7,108.0,109.45,18,132,11235,124939
2009-03-02,200903,109.45,109.45,103.8,103.55,54,103,27116,126949
2009-03-03,200903,104.35,104.95,104.3,104.1,35,92,10822,127510
2009-03-04,200903,107.1,107.1,107.1,106.3,11,92,12393,127470
2009-03-05,200903,106.1,106.1,105.0,106.55,8,85,12882,128509
2009-03-06,200903,106.65,106.65,105.5,105.3,10,59,8821,128813
2009-03-09,200903,105.25,105.25,103.3,104.2,6,59,14879,130288
2009-03-10,200903,103.65,103.65,103.65,103.85,9,51,8369,131281
2009-03-11,200903,105.0,105.0,105.0,104.95,5,48,9501,132622
2009-03-12,200903,109.3,109.3,108.45,108.45,2,24,27275,134256
2009-03-13,200903,108.4,108.4,108.4,108.3,5,18,12850,133548
2009-03-16,200903,109.1,109.7,107.6,108.85,22,18,11081,134229
2009-03-17,200903,110.45,110.45,110.45,109.25,3,15,20254,136670
2009-03-18,200903,111.15,111.15,111.15,111.15,3,12,14753,137396
2009-03-19,200903,115.35,115.35,113.45,114.2,2,0,26535,139795
