Date,NumericDeliveryMonth,Open,High,Low,Close,Volume,OI,TotalVolume,TotalOI
2015-11-30,201902,1.749,1.749,1.749,1.749,0,0,136752,350111
2015-12-01,201902,1.7778,1.7778,1.7778,1.7778,0,0,177692,345118
2015-12-02,201902,1.7437,1.7437,1.7437,1.7437,0,0,214838,346793
2015-12-03,201902,1.78,1.78,1.78,1.78,0,0,217826,342645
2015-12-04,201902,1.7666,1.7666,1.7666,1.7666,0,0,123235,341814
2015-12-07,201902,1.7354,1.7354,1.7354,1.7354,0,0,180296,346027
2015-12-08,201902,1.7462,1.7462,1.7462,1.7462,0,0,165860,347675
2015-12-09,201902,1.7446,1.7446,1.7446,1.7446,0,0,160933,352203
2015-12-10,201902,1.735,1.735,1.735,1.735,0,0,164148,353736
2015-12-11,201902,1.7127,1.7127,1.7127,1.7127,0,0,277120,352476
2015-12-14,201902,1.7041,1.7041,1.7041,1.7041,0,0,217461,352471
2015-12-15,201902,1.7083,1.7083,1.7083,1.7083,0,0,180223,350446
2015-12-16,201902,1.6677,1.6677,1.6677,1.6677,0,0,209918,352190
2015-12-17,201902,1.6575,1.6575,1.6575,1.6575,0,0,145774,351798
2015-12-18,201902,1.6504,1.6504,1.6504,1.6504,0,0,172464,356515
2015-12-21,201902,1.6414,1.6414,1.6414,1.6414,0,0,114537,358232
2015-12-22,201902,1.6286,1.6286,1.6286,1.6286,0,0,141756,353619
2015-12-23,201902,1.6467,1.6467,1.6467,1.6467,0,0,105037,350535
2015-12-24,201902,1.647,1.647,1.647,1.647,0,0,76437,349798
2015-12-28,201902,1.6257,1.6257,1.6257,1.6257,0,0,91503,345736
2015-12-29,201902,1.6458,1.6458,1.6458,1.6458,0,0,126936,343460
2015-12-30,201902,1.6156,1.6156,1.6156,1.6156,0,0,106999,338714
2015-12-31,201902,1.6277,1.6277,1.6277,1.6277,0,0,99093,342106
2016-01-04,201902,1.6223,1.6223,1.6223,1.6223,0,0,158037,348927
2016-01-05,201902,1.6085,1.6085,1.6085,1.6085,0,0,144747,345966
2016-01-06,201902,1.5699,1.5699,1.5699,1.5699,0,0,192013,343680
2016-01-07,201902,1.5552,1.5552,1.5552,1.5552,0,0,170045,341428
2016-01-08,201902,1.5488,1.5488,1.5488,1.5488,0,0,169271,343356
2016-01-11,201902,1.5115,1.5115,1.5115,1.5115,0,0,171724,344297
2016-01-12,201902,1.4798,1.4798,1.4798,1.4798,0,0,172117,345023
2016-01-13,201902,1.4603,1.4603,1.4603,1.4603,0,0,171153,347983
2016-01-14,201902,1.4582,1.4582,1.4582,1.4582,0,0,162087,350030
2016-01-15,201902,1.4035,1.4035,1.4035,1.4035,0,0,200547,354739
2016-01-19,201902,1.361,1.361,1.361,1.361,0,0,189742,361345
2016-01-20,201902,1.3244,1.3244,1.3244,1.3244,0,0,195238,357721
2016-01-21,201902,1.3428,1.3428,1.3428,1.3428,0,0,172605,354100
2016-01-22,201902,1.4157,1.4157,1.4157,1.4157,0,0,184983,351246
2016-01-25,201902,1.3795,1.3795,1.3795,1.3795,0,0,201656,356441
2016-01-26,201902,1.4118,1.4118,1.4118,1.4118,0,0,150969,349566
2016-01-27,201902,1.4473,1.4473,1.4473,1.4473,0,0,177225,349626
2016-01-28,201902,1.4535,1.4535,1.4535,1.4535,0,0,195945,343257
2016-01-29,201902,1.4956,1.4956,1.4956,1.4956,0,0,160216,355371
2016-02-01,201902,1.4569,1.4569,1.4569,1.4569,0,0,142165,354038
2016-02-02,201902,1.4312,1.4312,1.4312,1.4312,0,0,162084,358889
2016-02-03,201902,1.4807,1.4807,1.4807,1.4807,0,0,209612,359640
2016-02-04,201902,1.4899,1.4899,1.4899,1.4899,0,0,189193,354349
2016-02-05,201902,1.4771,1.4771,1.4771,1.4771,0,0,153248,354011
2016-02-08,201902,1.4583,1.4583,1.4583,1.4583,0,0,149632,357969
2016-02-09,201902,1.43,1.43,1.43,1.3987,1,1,173054,358222
2016-02-10,201902,1.4017,1.4017,1.4017,1.4017,0,1,173553,365735
2016-02-11,201902,1.4016,1.4016,1.4016,1.4016,0,1,152893,370140
2016-02-12,201902,1.4707,1.4707,1.4707,1.4707,0,1,177229,370635
2016-02-16,201902,1.4399,1.4399,1.4399,1.4399,0,1,186295,367721
2016-02-17,201902,1.4884,1.4884,1.4884,1.4884,0,1,176676,370618
2016-02-18,201902,1.4838,1.4838,1.4838,1.4838,0,1,136254,372405
2016-02-19,201902,1.4524,1.4524,1.4524,1.4524,0,1,145345,374282
2016-02-22,201902,1.4862,1.4862,1.4862,1.4862,0,1,140203,373228
2016-02-23,201902,1.4619,1.4619,1.4619,1.4619,0,1,147447,373763
2016-02-24,201902,1.4822,1.4822,1.4822,1.4822,0,1,161168,371251
2016-02-25,201902,1.4813,1.4813,1.4813,1.4813,0,1,146198,369902
2016-02-26,201902,1.4652,1.4652,1.4652,1.4652,0,1,160438,362492
2016-02-29,201902,1.4923,1.4923,1.4923,1.4923,0,1,118747,361612
2016-03-01,201902,1.4918,1.4918,1.4918,1.4918,0,1,104429,363597
2016-03-02,201902,1.4884,1.4884,1.4884,1.4884,0,1,134786,361610
2016-03-03,201902,1.4846,1.4846,1.4846,1.4846,0,1,140305,362411
2016-03-04,201902,1.5177,1.5177,1.5177,1.5177,0,1,138547,368953
2016-03-07,201902,1.5566,1.5566,1.5566,1.5566,0,1,155369,367661
2016-03-08,201902,1.5271,1.5271,1.5271,1.5271,0,1,152402,363738
2016-03-09,201902,1.5504,1.5504,1.5504,1.5504,0,1,182036,360902
2016-03-10,201902,1.5315,1.5315,1.5315,1.5315,0,1,132954,358412
2016-03-11,201902,1.5366,1.5366,1.5366,1.5366,0,1,105942,359644
2016-03-14,201902,1.5192,1.5192,1.5192,1.5192,0,1,118337,362129
2016-03-15,201902,1.51,1.51,1.51,1.5058,1,2,98224,358306
2016-03-16,201902,1.54,1.54,1.54,1.54,0,2,140992,363407
2016-03-17,201902,1.5482,1.5482,1.5482,1.5482,0,2,117751,367128
2016-03-18,201902,1.5423,1.5423,1.5423,1.5423,0,2,147254,372292
2016-03-21,201902,1.5538,1.5538,1.5538,1.5538,0,2,114758,375031
2016-03-22,201902,1.5673,1.5673,1.5673,1.5673,0,2,113771,378646
2016-03-23,201902,1.5368,1.5368,1.5368,1.5368,0,2,152241,377314
2016-03-24,201902,1.5327,1.5327,1.5327,1.5327,0,2,144084,375800
2016-03-28,201902,1.5223,1.5223,1.5223,1.5223,0,2,97255,372912
2016-03-29,201902,1.5111,1.5111,1.5111,1.5111,0,2,133531,377333
2016-03-30,201902,1.5223,1.5223,1.5223,1.5223,0,2,126926,372944
2016-03-31,201902,1.5296,1.5296,1.5296,1.5296,0,2,109905,370599
2016-04-01,201902,1.4891,1.4891,1.4891,1.4891,0,2,127218,378389
2016-04-04,201902,1.505,1.505,1.505,1.4644,1,3,133186,379830
2016-04-05,201902,1.4589,1.4589,1.4589,1.4589,0,3,130755,382411
2016-04-06,201902,1.4922,1.4922,1.4922,1.4922,0,3,166992,379947
2016-04-07,201902,1.4783,1.4783,1.4783,1.4783,0,3,167028,380708
2016-04-08,201902,1.5318,1.5318,1.5318,1.5318,0,3,209156,376326
2016-04-11,201902,1.5463,1.5463,1.5463,1.5463,0,3,164627,381393
2016-04-12,201902,1.5797,1.5797,1.5797,1.5797,0,3,208788,387559
2016-04-13,201902,1.5739,1.5739,1.5739,1.5739,0,3,212033,400475
2016-04-14,201902,1.5556,1.5556,1.5556,1.5556,0,3,121687,402300
2016-04-15,201902,1.5268,1.5268,1.5268,1.5268,0,3,169046,396867
2016-04-18,201902,1.519,1.519,1.519,1.519,0,3,169435,396854
2016-04-19,201902,1.5421,1.5421,1.5421,1.5421,0,3,147066,395331
2016-04-20,201902,1.585,1.585,1.585,1.585,0,3,186193,394900
2016-04-21,201902,1.5647,1.5647,1.5647,1.5647,0,3,162506,395960
2016-04-22,201902,1.5852,1.5852,1.5852,1.5852,0,3,118914,395252
2016-04-25,201902,1.5738,1.5738,1.5738,1.5738,0,3,126073,394335
2016-04-26,201902,1.6015,1.6015,1.6015,1.6015,0,3,138787,393354
2016-04-27,201902,1.6315,1.6315,1.63,1.624,2,4,144790,391416
2016-04-28,201902,1.6399,1.6399,1.6399,1.6399,0,4,124026,385443
2016-04-29,201902,1.6271,1.6271,1.6271,1.6271,0,4,157172,388302
2016-05-02,201902,1.6065,1.6065,1.6065,1.6065,0,4,112182,388416
2016-05-03,201902,1.5978,1.5978,1.5978,1.5978,0,4,134946,393146
2016-05-04,201902,1.6015,1.6015,1.6015,1.6015,0,4,145759,393063
2016-05-05,201902,1.6086,1.6086,1.6086,1.6086,0,4,136067,390541
2016-05-06,201902,1.6173,1.6173,1.6173,1.6173,0,4,150123,386980
2016-05-09,201902,1.5906,1.5906,1.5906,1.5906,0,4,155992,388644
2016-05-10,201902,1.6313,1.6313,1.6313,1.6313,0,4,167285,389661
2016-05-11,201902,1.6702,1.6702,1.6702,1.6702,0,4,183684,391823
2016-05-12,201902,1.6676,1.6676,1.6676,1.6676,0,4,160997,397561
2016-05-13,201902,1.6514,1.6514,1.6514,1.6514,0,4,173844,400246
2016-05-16,201902,1.6655,1.6655,1.6655,1.6655,0,4,179895,398785
2016-05-17,201902,1.6765,1.6765,1.6765,1.6765,0,4,191179,399144
2016-05-18,201902,1.6792,1.6792,1.6792,1.6792,0,4,267831,397084
2016-05-19,201902,1.6753,1.6753,1.6753,1.6753,0,4,169740,400791
2016-05-20,201902,1.6713,1.6713,1.6713,1.6713,0,4,194583,402684
2016-05-23,201902,1.6709,1.6709,1.6709,1.6709,0,4,158922,406292
2016-05-24,201902,1.676,1.676,1.676,1.676,0,4,164813,413495
2016-05-25,201902,1.6982,1.6982,1.6982,1.6982,0,4,195026,416452
2016-05-26,201902,1.6945,1.6945,1.6945,1.6945,0,4,159282,412688
2016-05-27,201902,1.6932,1.6932,1.6932,1.6932,0,4,120105,411890
2016-05-31,201902,1.6916,1.6916,1.6916,1.6916,0,4,129935,409390
2016-06-01,201902,1.6975,1.6975,1.6975,1.6975,0,4,151188,413049
2016-06-02,201902,1.7005,1.7005,1.7005,1.7005,0,4,204959,415532
2016-06-03,201902,1.6847,1.6847,1.6847,1.6847,0,4,138597,415274
2016-06-06,201902,1.7032,1.7032,1.7032,1.7032,0,4,129861,414203
2016-06-07,201902,1.7286,1.7286,1.7286,1.7286,0,4,174295,416893
2016-06-08,201902,1.7476,1.7476,1.7476,1.7476,0,4,229212,411178
2016-06-09,201902,1.7358,1.7358,1.7358,1.7358,0,4,176680,415240
2016-06-10,201902,1.7079,1.7079,1.7079,1.7079,0,4,150955,413948
2016-06-13,201902,1.708,1.708,1.708,1.708,0,4,131189,413544
2016-06-14,201902,1.6949,1.6949,1.6949,1.6949,0,4,110550,412607
2016-06-15,201902,1.6779,1.6779,1.6779,1.6779,0,4,164401,412709
2016-06-16,201902,1.6379,1.6379,1.6379,1.6379,0,4,144060,413526
2016-06-17,201902,1.687,1.687,1.687,1.687,0,4,136225,414081
2016-06-20,201902,1.7193,1.7193,1.7193,1.7193,0,4,132023,412702
2016-06-21,201902,1.7193,1.7193,1.7193,1.7193,0,4,143205,404416
2016-06-22,201902,1.713,1.713,1.713,1.713,0,4,175444,399768
2016-06-23,201902,1.7308,1.7308,1.7308,1.7308,0,4,140756,394349
2016-06-24,201902,1.6786,1.6786,1.6786,1.6786,0,4,193730,393039
2016-06-27,201902,1.6592,1.6592,1.6592,1.6592,0,4,126708,387035
2016-06-28,201902,1.7019,1.7019,1.7019,1.7019,0,4,137006,381857
2016-06-29,201902,1.7538,1.7538,1.7538,1.7538,0,4,173620,376543
2016-06-30,201902,1.7143,1.7143,1.7143,1.7143,0,4,166288,378262
2016-07-01,201902,1.7418,1.7418,1.7418,1.7418,0,4,136109,377221
2016-07-05,201902,1.7021,1.7021,1.7021,1.7021,0,4,154226,375277
2016-07-06,201902,1.7305,1.7305,1.7305,1.7305,0,4,179979,366966
2016-07-07,201902,1.6802,1.6802,1.6802,1.6802,0,4,185745,365021
2016-07-08,201902,1.6901,1.6901,1.6901,1.6901,0,4,152194,365954
2016-07-11,201902,1.6932,1.6932,1.6932,1.6932,0,4,143698,362746
2016-07-12,201902,1.7273,1.7273,1.7273,1.7273,0,4,194799,367029
2016-07-13,201902,1.6748,1.6748,1.6748,1.6748,0,4,226529,370120
2016-07-14,201902,1.6943,1.6943,1.6943,1.6943,0,4,153025,372556
2016-07-15,201902,1.6921,1.6921,1.6921,1.6921,0,4,150295,373629
2016-07-18,201902,1.6786,1.6786,1.6786,1.6786,0,4,126147,372261
2016-07-19,201902,1.6874,1.6874,1.6874,1.6874,0,4,141936,370482
2016-07-20,201902,1.6961,1.6961,1.6961,1.6961,0,4,168464,368054
2016-07-21,201902,1.6696,1.6696,1.6696,1.6696,0,4,118049,365699
2016-07-22,201902,1.671,1.671,1.671,1.6555,1,5,133821,369398
2016-07-25,201902,1.6343,1.6343,1.6343,1.6343,0,5,129771,370992
2016-07-26,201902,1.6343,1.6343,1.6343,1.6343,0,5,133579,368432
2016-07-27,201902,1.6082,1.6082,1.6082,1.6082,0,5,150325,372557
2016-07-28,201902,1.5875,1.5875,1.5875,1.5875,0,5,142854,377782
2016-07-29,201902,1.5947,1.5947,1.5947,1.5947,0,5,130694,384159
2016-08-01,201902,1.5861,1.5861,1.581,1.5638,2,7,162900,389546
2016-08-02,201902,1.5577,1.5577,1.5577,1.5577,0,7,145710,393209
2016-08-03,201902,1.5784,1.5784,1.5784,1.5784,0,7,182897,392195
2016-08-04,201902,1.5968,1.5968,1.5968,1.5968,0,7,158574,392561
2016-08-05,201902,1.5937,1.5937,1.5937,1.5937,0,7,171664,388246
2016-08-08,201902,1.6183,1.6183,1.6183,1.6183,0,7,145468,388620
2016-08-09,201902,1.6145,1.6145,1.6145,1.6145,0,7,137828,398408
2016-08-10,201902,1.6086,1.6086,1.6086,1.6086,0,7,196261,399696
2016-08-11,201902,1.6482,1.6482,1.6482,1.6482,0,7,253647,404109
2016-08-12,201902,1.6668,1.6668,1.6668,1.6668,0,7,131103,404705
2016-08-15,201902,1.6961,1.6961,1.6961,1.6961,0,7,117446,403853
2016-08-16,201902,1.7085,1.7085,1.7085,1.7085,0,7,150093,401075
2016-08-17,201902,1.7318,1.7318,1.7318,1.7318,0,7,192506,404922
2016-08-18,201902,1.758,1.758,1.758,1.758,0,7,155366,403959
2016-08-19,201902,1.7591,1.7591,1.7591,1.7591,0,7,120654,400787
2016-08-22,201902,1.7254,1.7254,1.7254,1.7254,0,7,112495,402118
2016-08-23,201902,1.7406,1.7406,1.7406,1.7406,0,7,124055,402986
2016-08-24,201902,1.7246,1.7246,1.7246,1.7246,0,7,159708,402714
2016-08-25,201902,1.736,1.736,1.736,1.736,0,7,128111,396549
2016-08-26,201902,1.7294,1.7294,1.7294,1.7294,0,7,126329,391280
2016-08-29,201902,1.7216,1.7216,1.7216,1.7216,0,7,96318,390433
2016-08-30,201902,1.7092,1.7092,1.7092,1.7092,0,7,108123,387074
2016-08-31,201902,1.6618,1.6618,1.6618,1.6618,0,7,177620,378734
2016-09-01,201902,1.6264,1.6264,1.6264,1.6264,0,7,159634,377112
2016-09-02,201902,1.6497,1.6497,1.6497,1.6497,0,7,108140,379838
2016-09-06,201902,1.6556,1.6556,1.6556,1.6556,0,7,122339,382084
2016-09-07,201902,1.6749,1.6749,1.6749,1.6749,0,7,141883,379159
2016-09-08,201902,1.7274,1.7274,1.7274,1.7274,0,7,167256,380321
2016-09-09,201902,1.6808,1.6808,1.6808,1.6808,0,7,164635,380766
2016-09-12,201902,1.6913,1.6913,1.6913,1.6913,0,7,134522,385355
2016-09-13,201902,1.6728,1.6728,1.6728,1.6728,0,7,191561,385339
2016-09-14,201902,1.6355,1.6355,1.6355,1.6355,0,7,196009,393368
2016-09-15,201902,1.6496,1.6496,1.6496,1.6496,0,7,196405,395938
2016-09-16,201902,1.6323,1.6323,1.6323,1.6323,0,7,205445,399088
2016-09-19,201902,1.6351,1.6351,1.6351,1.6351,0,7,191910,396909
2016-09-20,201902,1.6407,1.6407,1.6407,1.6407,0,7,192178,400134
2016-09-21,201902,1.6559,1.6559,1.6559,1.6559,0,7,123740,396747
2016-09-22,201902,1.6784,1.6784,1.6784,1.6784,0,7,105618,399646
2016-09-23,201902,1.6352,1.6352,1.6352,1.6352,0,7,148698,404425
2016-09-26,201902,1.6669,1.6669,1.6669,1.6669,0,7,120250,403682
2016-09-27,201902,1.6378,1.6378,1.6378,1.6378,0,7,159848,399090
2016-09-28,201902,1.6955,1.6955,1.6955,1.6955,0,7,206002,399483
2016-09-29,201902,1.7133,1.7133,1.7133,1.7133,0,7,143267,389587
2016-09-30,201902,1.7274,1.7274,1.7274,1.7274,0,7,109085,387900
2016-10-03,201902,1.7447,1.7447,1.7447,1.7447,0,7,131386,389829
2016-10-04,201902,1.7483,1.7483,1.7483,1.7483,0,7,109175,391294
2016-10-05,201902,1.7729,1.7729,1.7729,1.7729,0,7,196773,396200
2016-10-06,201902,1.7824,1.7824,1.7824,1.7824,0,7,165409,398093
2016-10-07,201902,1.7728,1.7728,1.7728,1.7728,0,7,150700,401385
2016-10-10,201902,1.7956,1.7956,1.7956,1.7956,0,7,149640,405017
2016-10-11,201902,1.7851,1.7851,1.7851,1.7851,0,7,183762,411530
2016-10-12,201902,1.7676,1.7676,1.7676,1.7676,0,7,166679,412666
2016-10-13,201902,1.7754,1.7754,1.7754,1.7754,0,7,162005,411969
2016-10-14,201902,1.7687,1.7687,1.7687,1.7687,0,7,138426,410990
2016-10-17,201902,1.7607,1.7607,1.7607,1.7607,0,7,132004,414456
2016-10-18,201902,1.7673,1.7673,1.7673,1.7673,0,7,174155,420723
2016-10-19,201902,1.7849,1.7849,1.7849,1.7849,0,7,164593,425266
2016-10-20,201902,1.7598,1.7598,1.7598,1.7598,0,7,147929,418165
2016-10-21,201902,1.7722,1.7722,1.7722,1.7722,0,7,144379,412253
2016-10-24,201902,1.7756,1.7756,1.7756,1.7756,0,7,136947,411701
2016-10-25,201902,1.7696,1.7696,1.7696,1.7696,0,7,143635,412448
2016-10-26,201902,1.7546,1.7546,1.7546,1.7546,0,7,164880,413803
2016-10-27,201902,1.7677,1.7677,1.7677,1.7677,0,7,123386,414188
2016-10-28,201902,1.7487,1.7487,1.7487,1.7487,0,7,139908,406568
2016-10-31,201902,1.7017,1.7017,1.7017,1.7017,0,7,156879,402072
2016-11-01,201902,1.7045,1.7045,1.7045,1.7045,0,7,381675,386392
2016-11-02,201902,1.6873,1.6873,1.6873,1.6873,0,7,221378,392354
2016-11-03,201902,1.6755,1.6755,1.6755,1.6755,0,7,129929,387652
2016-11-04,201902,1.6571,1.6571,1.6571,1.6571,0,7,147798,386242
2016-11-07,201902,1.67,1.67,1.67,1.67,0,7,123204,389197
2016-11-08,201902,1.674,1.674,1.674,1.674,0,7,146915,392006
2016-11-09,201902,1.6795,1.6795,1.6795,1.6795,0,7,190209,389401
2016-11-10,201902,1.6717,1.6717,1.6717,1.6717,0,7,168889,395650
2016-11-11,201902,1.6385,1.6385,1.6385,1.6385,0,7,155849,398437
2016-11-14,201902,1.6246,1.6246,1.6246,1.6246,0,7,132370,399979
2016-11-15,201902,1.6629,1.6629,1.6629,1.6629,0,7,161634,404085
2016-11-16,201902,1.6522,1.6522,1.6522,1.6522,0,7,115952,405661
2016-11-17,201902,1.6546,1.6546,1.6546,1.6546,0,7,140710,405936
2016-11-18,201902,1.6642,1.6642,1.6642,1.6642,0,7,160511,406601
2016-11-21,201902,1.7223,1.7223,1.7223,1.7223,0,7,162579,404138
2016-11-22,201902,1.732,1.732,1.732,1.732,0,7,170757,398285
2016-11-23,201902,1.7284,1.7284,1.7284,1.7284,0,7,182664,400005
2016-11-25,201902,1.6851,1.6851,1.6851,1.6851,0,7,85097,398644
2016-11-28,201902,1.7134,1.7134,1.7134,1.7134,1,8,166330,395123
2016-11-29,201902,1.6733,1.6733,1.6733,1.6733,0,8,145678,388453
2016-11-30,201902,1.7357,1.7357,1.7357,1.7357,0,8,227373,392008
2016-12-01,201902,1.7635,1.7635,1.7635,1.7635,0,8,234715,394337
2016-12-02,201902,1.7845,1.7845,1.7845,1.7845,0,8,160858,401192
2016-12-05,201902,1.7955,1.7955,1.7955,1.7955,0,8,203184,405690
2016-12-06,201902,1.7789,1.7789,1.7789,1.7789,0,8,161898,410034
2016-12-07,201902,1.7577,1.7577,1.7577,1.7577,2,10,211380,425124
2016-12-08,201902,1.7489,1.7489,1.7489,1.7489,0,10,207601,433340
2016-12-09,201902,1.749,1.749,1.749,1.749,0,10,163445,442579
2016-12-12,201902,1.7607,1.7607,1.7607,1.7607,0,10,166079,442897
2016-12-13,201902,1.7707,1.7707,1.7707,1.7707,0,10,183483,446194
2016-12-14,201902,1.7474,1.7474,1.7474,1.7474,0,10,158564,443018
2016-12-15,201902,1.7478,1.7478,1.7478,1.7478,0,10,147910,444260
2016-12-16,201902,1.7671,1.7671,1.7671,1.7671,0,10,135024,444753
2016-12-19,201902,1.7668,1.7668,1.7668,1.7668,0,10,120650,440185
2016-12-20,201902,1.7789,1.7789,1.7789,1.7789,3,10,168476,440699
2016-12-21,201902,1.7605,1.7605,1.7605,1.7605,0,10,177758,441065
2016-12-22,201902,1.763,1.763,1.763,1.763,0,10,175056,443158
2016-12-23,201902,1.7649,1.7649,1.7649,1.7649,0,10,98283,441973
2016-12-27,201902,1.7823,1.7823,1.7823,1.7823,0,10,127187,439089
2016-12-28,201902,1.7911,1.7911,1.7911,1.7911,0,10,115815,433778
2016-12-29,201902,1.7929,1.7929,1.7929,1.7929,0,10,106342,428758
2016-12-30,201902,1.7966,1.7966,1.7966,1.7966,0,10,93791,428155
2017-01-03,201902,1.7673,1.7673,1.7673,1.7673,0,10,161582,427659
2017-01-04,201902,1.7952,1.7952,1.7952,1.7952,0,10,135659,427929
2017-01-05,201902,1.7995,1.7995,1.7995,1.7995,0,10,150799,423142
2017-01-06,201902,1.8049,1.8049,1.8049,1.8049,0,10,128183,424758
2017-01-09,201902,1.775,1.775,1.775,1.7595,5,15,156582,418639
2017-01-10,201902,1.735,1.735,1.735,1.7315,1,16,180392,418260
2017-01-11,201902,1.7564,1.7564,1.7564,1.7564,0,16,218517,425537
2017-01-12,201902,1.7733,1.7733,1.7733,1.7733,0,16,190104,429443
2017-01-13,201902,1.7552,1.7552,1.7552,1.7552,0,16,154461,432173
2017-01-17,201902,1.7585,1.7585,1.7585,1.7585,0,16,189747,434436
2017-01-18,201902,1.7385,1.7385,1.7383,1.735,1,17,176724,427336
2017-01-19,201902,1.7457,1.7457,1.7457,1.7457,0,17,170634,421694
2017-01-20,201902,1.7722,1.7722,1.7722,1.7722,0,17,179620,418855
2017-01-23,201902,1.7606,1.7606,1.7606,1.7606,0,17,168370,420414
2017-01-24,201902,1.7627,1.7627,1.7627,1.7627,0,17,142810,423582
2017-01-25,201902,1.7315,1.7315,1.7315,1.7369,8,18,181145,419824
2017-01-26,201902,1.7531,1.7531,1.7531,1.7531,0,18,160313,424555
2017-01-27,201902,1.723,1.723,1.7215,1.7285,3,20,195698,418857
2017-01-30,201902,1.7207,1.7207,1.7207,1.7207,0,20,126267,411960
2017-01-31,201902,1.7249,1.7249,1.7249,1.7249,0,20,154360,405318
2017-02-01,201902,1.7539,1.7539,1.7539,1.7539,0,20,180572,404128
2017-02-02,201902,1.7389,1.7389,1.7389,1.7389,0,20,163581,407480
2017-02-03,201902,1.7526,1.7526,1.7526,1.7526,0,20,143218,413969
2017-02-06,201902,1.7319,1.7319,1.7319,1.7319,0,20,142015,416258
2017-02-07,201902,1.72,1.72,1.72,1.7213,6,24,152610,415983
2017-02-08,201902,1.7298,1.7298,1.7298,1.7298,0,24,190697,421975
2017-02-09,201902,1.7383,1.7383,1.7383,1.7383,0,24,176370,427750
2017-02-10,201902,1.7568,1.7568,1.7568,1.7568,0,24,150959,433720
2017-02-13,201902,1.7292,1.7292,1.7292,1.7292,1,25,206627,442243
2017-02-14,201902,1.7358,1.7358,1.7358,1.7358,0,25,163736,441884
2017-02-15,201902,1.7308,1.7308,1.7308,1.7308,0,25,181555,442798
2017-02-16,201902,1.7271,1.7271,1.7271,1.7271,0,25,173302,437465
2017-02-17,201902,1.7293,1.7293,1.7293,1.7293,0,25,179424,433303
2017-02-21,201902,1.7186,1.7186,1.7186,1.7186,6,25,216067,437684
2017-02-22,201902,1.7037,1.7037,1.7037,1.7037,0,25,204131,430813
2017-02-23,201902,1.7192,1.7192,1.7192,1.7192,0,25,172891,424723
2017-02-24,201902,1.7087,1.7087,1.7087,1.7087,0,25,138441,416263
2017-02-27,201902,1.7117,1.7117,1.7117,1.7117,0,25,128771,410976
2017-02-28,201902,1.7151,1.7151,1.7151,1.7151,0,25,267728,405810
2017-03-01,201902,1.7061,1.7061,1.7061,1.7061,10,35,173855,400983
2017-03-02,201902,1.6769,1.6769,1.6769,1.6769,0,35,232227,399284
2017-03-03,201902,1.681,1.681,1.681,1.6893,1,36,129988,397203
2017-03-06,201902,1.6952,1.6952,1.6952,1.6952,0,36,145387,396759
2017-03-07,201902,1.7015,1.7015,1.7015,1.7015,0,36,187054,393821
2017-03-08,201902,1.67,1.67,1.668,1.6517,29,33,241028,396296
2017-03-09,201902,1.6315,1.6315,1.6315,1.6315,0,33,223643,402141
2017-03-10,201902,1.6053,1.6053,1.6053,1.6053,0,33,173768,411455
2017-03-13,201902,1.6045,1.6045,1.6045,1.6045,0,33,148398,418814
2017-03-14,201902,1.5999,1.5999,1.5999,1.5999,0,33,132635,424538
2017-03-15,201902,1.6118,1.6118,1.6118,1.6118,0,33,153113,418934
2017-03-16,201902,1.6051,1.6051,1.6051,1.6051,0,33,125896,420752
2017-03-17,201902,1.607,1.607,1.607,1.607,0,33,101545,421592
2017-03-20,201902,1.6139,1.6139,1.6139,1.6139,0,33,111944,421223
2017-03-21,201902,1.6071,1.6071,1.6071,1.6071,5,33,137294,420771
2017-03-22,201902,1.6065,1.6065,1.6065,1.6065,0,33,140557,421726
2017-03-23,201902,1.5992,1.5992,1.5992,1.5992,0,33,109860,419489
2017-03-24,201902,1.6016,1.6016,1.6016,1.6016,0,33,125281,421760
2017-03-27,201902,1.5962,1.5962,1.5962,1.6076,2,35,121378,421611
2017-03-28,201902,1.6081,1.6081,1.6081,1.6081,7,35,184689,418596
2017-03-29,201902,1.6284,1.6284,1.6284,1.6284,1,36,144525,419058
2017-03-30,201902,1.6411,1.6411,1.6411,1.6411,0,36,143343,425956
2017-03-31,201902,1.6528,1.6528,1.6528,1.6528,0,36,109861,420182
2017-04-03,201902,1.6488,1.6488,1.6488,1.6488,0,36,131591,424797
2017-04-04,201902,1.6725,1.673,1.6725,1.6737,8,40,122348,421223
2017-04-05,201902,1.679,1.679,1.679,1.679,0,40,155460,423042
2017-04-06,201902,1.693,1.693,1.693,1.6899,8,42,127981,427559
2017-04-07,201902,1.7009,1.7009,1.7009,1.7009,0,42,138678,425648
2017-04-10,201902,1.7189,1.7189,1.7189,1.7189,0,42,137089,421662
2017-04-11,201902,1.7172,1.7172,1.7172,1.7262,3,44,186755,426921
2017-04-12,201902,1.728,1.728,1.728,1.728,0,44,172651,423829
2017-04-13,201902,1.728,1.728,1.728,1.728,4,46,151394,430899
2017-04-17,201902,1.7187,1.7187,1.7187,1.7187,2,48,127652,433009
2017-04-18,201902,1.71,1.71,1.71,1.7125,4,50,169816,434644
2017-04-19,201902,1.6727,1.6727,1.6727,1.6727,0,50,185840,432734
2017-04-20,201902,1.675,1.675,1.67,1.6675,6,52,175997,434764
2017-04-21,201902,1.6442,1.6442,1.6442,1.6442,0,52,217888,442935
2017-04-24,201902,1.6361,1.6361,1.6361,1.6361,4,52,160630,437841
2017-04-25,201902,1.6386,1.6386,1.6386,1.6386,1,52,182353,430616
2017-04-26,201902,1.6382,1.6382,1.6282,1.6338,7,54,177200,426201
2017-04-27,201902,1.6112,1.6112,1.6112,1.6112,0,54,201816,420952
2017-04-28,201902,1.6135,1.6135,1.6135,1.6135,0,54,168285,419377
2017-05-01,201902,1.5963,1.5963,1.5963,1.5963,0,54,128763,420525
2017-05-02,201902,1.59,1.59,1.59,1.5774,33,64,182310,426835
2017-05-03,201902,1.582,1.582,1.582,1.582,2,66,170431,433262
2017-05-04,201902,1.5357,1.5357,1.5357,1.5357,35,68,221054,436694
2017-05-05,201902,1.5629,1.5629,1.5629,1.5629,0,68,199907,440784
2017-05-08,201902,1.5729,1.5729,1.5729,1.5729,9,68,208654,438281
2017-05-09,201902,1.5544,1.5544,1.5544,1.5544,3,68,152737,435136
2017-05-10,201902,1.5812,1.5812,1.5812,1.5812,8,69,198390,437134
2017-05-11,201902,1.5926,1.5926,1.5926,1.5926,7,70,160890,434260
2017-05-12,201902,1.5877,1.5877,1.5877,1.5877,44,92,131132,429483
2017-05-15,201902,1.5975,1.5975,1.5975,1.5975,1,92,195544,426651
2017-05-16,201902,1.6041,1.6041,1.6041,1.6041,1,91,140491,422713
2017-05-17,201902,1.62,1.62,1.62,1.6166,13,102,193165,421432
2017-05-18,201902,1.6217,1.6217,1.6217,1.6217,1,102,135023,420245
2017-05-19,201902,1.6494,1.6494,1.6494,1.6494,37,92,178223,412198
2017-05-22,201902,1.6647,1.6647,1.6647,1.6647,0,92,132898,404201
2017-05-23,201902,1.66,1.66,1.66,1.6679,23,95,177679,405080
2017-05-24,201902,1.6601,1.6601,1.6601,1.6601,38,89,189317,403324
2017-05-25,201902,1.64,1.64,1.6301,1.6162,21,96,235921,394882
2017-05-26,201902,1.6317,1.6317,1.6317,1.6317,16,101,148957,389604
2017-05-30,201902,1.6274,1.6274,1.6274,1.6274,0,101,199333,385694
2017-05-31,201902,1.6059,1.6059,1.6059,1.6026,11,106,185595,380397
2017-06-01,201902,1.5955,1.5955,1.5955,1.5955,0,106,169864,375353
2017-06-02,201902,1.58,1.58,1.58,1.5835,13,108,157089,375904
2017-06-05,201902,1.575,1.575,1.575,1.5704,13,112,130413,378444
2017-06-06,201902,1.5744,1.5744,1.5744,1.5744,4,112,172103,378134
2017-06-07,201902,1.5511,1.5511,1.5422,1.5356,10,113,222406,378634
2017-06-08,201902,1.5449,1.5449,1.5449,1.5449,10,113,174024,380648
2017-06-09,201902,1.5508,1.5508,1.5508,1.5508,8,117,205288,390074
2017-06-12,201902,1.5478,1.5478,1.5478,1.5478,2,117,165694,398429
2017-06-13,201902,1.5604,1.5604,1.5604,1.5604,5,117,218782,404508
2017-06-14,201902,1.53,1.53,1.53,1.5292,5,118,221232,402778
2017-06-15,201902,1.539,1.539,1.539,1.5368,6,120,207558,413316
2017-06-16,201902,1.5458,1.5458,1.5458,1.5458,0,120,133514,415930
2017-06-19,201902,1.5365,1.5365,1.5365,1.5365,0,120,123653,417814
2017-06-20,201902,1.515,1.515,1.515,1.5234,8,122,161977,417211
2017-06-21,201902,1.505,1.505,1.505,1.5008,3,123,171316,422021
2017-06-22,201902,1.507,1.507,1.507,1.507,9,126,129717,425609
2017-06-23,201902,1.507,1.5073,1.507,1.5018,25,133,139904,428126
2017-06-26,201902,1.5095,1.5095,1.5095,1.5095,0,133,121262,427394
2017-06-27,201902,1.5319,1.5319,1.5319,1.5319,15,137,180674,424566
2017-06-28,201902,1.5461,1.5461,1.5461,1.5461,0,137,130209,421026
2017-06-29,201902,1.5526,1.5526,1.5526,1.5526,0,137,167711,419875
2017-06-30,201902,1.5818,1.5818,1.5818,1.5818,0,137,137156,417785
2017-07-03,201902,1.6057,1.6057,1.6057,1.6057,7,142,111263,415774
2017-07-05,201902,1.5702,1.5702,1.5702,1.5702,1,142,233334,406215
2017-07-06,201902,1.5781,1.5781,1.5781,1.5781,4,142,228899,410691
2017-07-07,201902,1.548,1.548,1.5479,1.5461,14,144,167601,414216
2017-07-10,201902,1.5529,1.5529,1.5529,1.5529,0,144,133284,411492
2017-07-11,201902,1.5683,1.5683,1.5683,1.5683,0,144,189356,413360
2017-07-12,201902,1.568,1.568,1.568,1.568,0,144,173294,415572
2017-07-13,201902,1.5821,1.5821,1.5821,1.5821,0,144,148009,416182
2017-07-14,201902,1.5955,1.5955,1.5955,1.5955,0,144,161933,417739
2017-07-17,201902,1.5804,1.5804,1.5804,1.5804,0,144,133015,421314
2017-07-18,201902,1.5886,1.5886,1.5886,1.5886,2,144,165621,424156
2017-07-19,201902,1.6106,1.6106,1.6106,1.6106,0,144,252722,415492
2017-07-20,201902,1.6021,1.6021,1.6021,1.6021,50,194,259454,410294
2017-07-21,201902,1.5765,1.5765,1.5765,1.5765,9,194,160792,412404
2017-07-24,201902,1.5856,1.5856,1.5856,1.5856,5,195,146465,410392
2017-07-25,201902,1.6205,1.6205,1.6205,1.6205,15,202,195143,409427
2017-07-26,201902,1.6348,1.6348,1.6348,1.6348,6,202,192706,407200
2017-07-27,201902,1.6386,1.6386,1.6386,1.6386,1,202,175449,405296
2017-07-28,201902,1.6507,1.6507,1.6507,1.6507,6,202,213546,396775
2017-07-31,201902,1.6666,1.6666,1.6666,1.6666,0,202,159196,396208
2017-08-01,201902,1.6511,1.6511,1.6511,1.6511,5,202,236922,404607
2017-08-02,201902,1.647,1.647,1.647,1.6616,2,203,168959,405177
2017-08-03,201902,1.6504,1.6504,1.6504,1.6504,0,203,141253,407630
2017-08-04,201902,1.6621,1.6621,1.6621,1.6621,0,203,107916,412770
2017-08-07,201902,1.663,1.663,1.663,1.663,6,201,172166,413274
2017-08-08,201902,1.6499,1.6499,1.6499,1.6579,5,202,168501,413357
2017-08-09,201902,1.6661,1.6661,1.6661,1.6661,0,202,223965,414125
2017-08-10,201902,1.6429,1.6429,1.6429,1.6429,10,203,284268,410262
2017-08-11,201902,1.643,1.643,1.643,1.643,12,204,188250,415268
2017-08-14,201902,1.6177,1.6177,1.6177,1.6177,5,204,156918,417647
2017-08-15,201902,1.6184,1.6184,1.6184,1.6184,0,204,181883,414679
2017-08-16,201902,1.6032,1.6032,1.6032,1.6032,0,204,158706,410703
2017-08-17,201902,1.6116,1.6116,1.6116,1.6116,7,203,227311,402729
2017-08-18,201902,1.6475,1.6475,1.6475,1.6475,0,203,156802,400752
2017-08-21,201902,1.6118,1.6118,1.6118,1.6118,0,203,180807,400976
2017-08-22,201902,1.629,1.629,1.629,1.629,0,203,154872,400167
2017-08-23,201902,1.6532,1.6532,1.6532,1.6532,0,203,168866,395987
2017-08-24,201902,1.6433,1.6433,1.6433,1.6433,0,203,243674,394462
2017-08-25,201902,1.6468,1.6468,1.6468,1.6468,0,203,223936,395862
2017-08-28,201902,1.6399,1.6399,1.6399,1.6399,0,203,278312,394835
2017-08-29,201902,1.6506,1.6506,1.6506,1.6506,0,203,249055,396079
2017-08-30,201902,1.6311,1.6311,1.6311,1.6311,2,203,349145,395651
2017-08-31,201902,1.6729,1.6729,1.6729,1.6729,3,203,337336,385633
2017-09-01,201902,1.6729,1.6729,1.6729,1.6809,9,203,259687,396575
2017-09-05,201902,1.6863,1.6863,1.6863,1.6863,0,200,216434,404167
2017-09-06,201902,1.702,1.702,1.702,1.702,0,200,201075,417777
2017-09-07,201902,1.7067,1.7067,1.7067,1.7067,0,200,203193,428727
2017-09-08,201902,1.6868,1.6868,1.6868,1.6868,3,201,178096,434305
2017-09-11,201902,1.6883,1.6883,1.6883,1.6883,0,201,179973,439828
2017-09-12,201902,1.7022,1.7022,1.7022,1.6929,12,204,189939,437212
2017-09-13,201902,1.7077,1.7077,1.7077,1.7077,0,204,203016,443708
2017-09-14,201902,1.7121,1.7121,1.7121,1.7121,7,205,181825,449994
2017-09-15,201902,1.7255,1.7255,1.7255,1.7255,0,205,139470,450181
2017-09-18,201902,1.7163,1.7163,1.7163,1.7163,0,205,128935,450044
2017-09-19,201902,1.71,1.71,1.71,1.71,0,205,156033,451351
2017-09-20,201902,1.7262,1.7262,1.7262,1.7262,0,205,164962,452015
2017-09-21,201902,1.7327,1.7327,1.7327,1.7327,0,205,140715,456903
2017-09-22,201902,1.7354,1.7354,1.7354,1.7354,0,205,130399,460208
2017-09-25,201902,1.7588,1.7588,1.7588,1.7588,4,209,207544,469752
2017-09-26,201902,1.7539,1.7539,1.7539,1.7539,0,209,203897,463971
2017-09-27,201902,1.7499,1.7499,1.7499,1.7499,0,209,170467,466198
2017-09-28,201902,1.7302,1.7302,1.7302,1.7302,33,209,163196,459106
2017-09-29,201902,1.731,1.731,1.731,1.731,0,209,158981,454707
2017-10-02,201902,1.7086,1.7086,1.7086,1.7086,0,209,255645,450521
2017-10-03,201902,1.7078,1.7078,1.7078,1.7078,0,209,201737,449485
2017-10-04,201902,1.7107,1.7107,1.7107,1.7107,16,207,193113,447479
2017-10-05,201902,1.7228,1.7228,1.7228,1.7228,4,207,198544,449460
2017-10-06,201902,1.704,1.704,1.704,1.6889,8,214,191117,446187
2017-10-09,201902,1.6902,1.6902,1.6902,1.6902,0,214,157361,441479
2017-10-10,201902,1.7174,1.7174,1.7174,1.7174,14,215,143554,443169
2017-10-11,201902,1.7313,1.7313,1.7313,1.7313,15,215,184213,450125
2017-10-12,201902,1.7194,1.7194,1.7194,1.7194,0,215,172816,452483
2017-10-13,201902,1.7371,1.7371,1.7371,1.7371,0,215,180768,451061
2017-10-16,201902,1.7446,1.7446,1.7446,1.7446,0,215,136289,452461
2017-10-17,201902,1.7461,1.7461,1.7461,1.7461,1,215,130870,455118
2017-10-18,201902,1.7561,1.7561,1.7561,1.748,6,216,154905,453857
2017-10-19,201902,1.7366,1.7366,1.7366,1.7366,0,216,185308,438991
2017-10-20,201902,1.7573,1.7573,1.7573,1.7573,6,216,191510,435135
2017-10-23,201902,1.7471,1.7471,1.7471,1.7471,6,216,134453,435611
2017-10-24,201902,1.7737,1.7737,1.7737,1.7737,0,216,225812,431665
2017-10-25,201902,1.7783,1.7783,1.7783,1.7783,0,216,215372,434199
2017-10-26,201902,1.7947,1.7947,1.7947,1.7947,0,216,176487,430095
2017-10-27,201902,1.82,1.82,1.8199,1.8187,21,220,159245,433387
2017-10-30,201902,1.8289,1.8289,1.8289,1.8289,76,226,130741,432616
2017-10-31,201902,1.8321,1.8321,1.8321,1.8321,13,226,129587,431874
2017-11-01,201902,1.8214,1.8214,1.8214,1.8214,255,311,177447,439083
2017-11-02,201902,1.8202,1.8202,1.8202,1.8202,0,311,142791,439770
2017-11-03,201902,1.8477,1.8477,1.8477,1.8477,10,313,123003,442205
2017-11-06,201902,1.8913,1.8913,1.8913,1.8913,5,317,133813,437636
2017-11-07,201902,1.8845,1.8845,1.8787,1.8828,22,321,222329,435238
2017-11-08,201902,1.8831,1.8831,1.8831,1.8831,9,322,210305,439839
2017-11-09,201902,1.8975,1.8975,1.8959,1.8919,36,325,218869,448578
2017-11-10,201902,1.8884,1.8884,1.8884,1.8884,7,327,209840,454130
2017-11-13,201902,1.8897,1.8897,1.8897,1.8897,9,332,151250,456168
2017-11-14,201902,1.8722,1.8722,1.8719,1.8668,10,337,172702,453966
2017-11-15,201902,1.8668,1.8668,1.8662,1.8612,95,276,175771,453101
2017-11-16,201902,1.8518,1.8518,1.8518,1.8518,2,274,137087,453476
2017-11-17,201902,1.878,1.878,1.878,1.878,28,292,187881,456935
2017-11-20,201902,1.8661,1.8661,1.8661,1.8661,0,292,149429,451068
2017-11-21,201902,1.8715,1.8715,1.8715,1.8715,1,293,166630,452617
2017-11-22,201902,1.876,1.876,1.876,1.876,15,288,191012,452121
2017-11-24,201902,1.8986,1.8986,1.8986,1.8986,0,288,81039,453942
2017-11-27,201902,1.8951,1.8951,1.8951,1.8951,8,286,154559,443740
2017-11-28,201902,1.8944,1.8944,1.8944,1.8944,0,286,138681,433665
2017-11-29,201902,1.8693,1.8693,1.8693,1.8693,0,286,166839,428375
2017-11-30,201902,1.8604,1.8604,1.8604,1.8604,7,284,238001,428932
2017-12-01,201902,1.893,1.893,1.893,1.8925,25,288,184172,427722
2017-12-04,201902,1.8585,1.8585,1.8585,1.8585,6,291,142147,430254
2017-12-05,201902,1.8744,1.8744,1.8744,1.8744,17,297,147463,421613
2017-12-06,201902,1.8375,1.8375,1.8375,1.8302,21,300,161815,426423
2017-12-07,201902,1.8551,1.8551,1.8551,1.8563,112,296,181506,424974
2017-12-08,201902,1.8767,1.8774,1.875,1.8737,53,302,212378,433423
2017-12-11,201902,1.895,1.895,1.895,1.895,10,292,194835,444925
2017-12-12,201902,1.8723,1.8723,1.8723,1.8723,25,303,236077,447105
2017-12-13,201902,1.846,1.846,1.846,1.846,299,335,227528,453353
2017-12-14,201902,1.8575,1.8575,1.8575,1.8562,168,337,165717,456342
2017-12-15,201902,1.8612,1.8613,1.8612,1.8524,44,334,153318,455768
2017-12-18,201902,1.8693,1.8693,1.8693,1.8693,4,335,171951,454888
2017-12-19,201902,1.8838,1.8838,1.8838,1.8838,10,332,136698,457983
2017-12-20,201902,1.8877,1.8877,1.8877,1.8877,0,332,182401,455674
2017-12-21,201902,1.9,1.9,1.8947,1.8933,22,333,143310,452286
2017-12-22,201902,1.9058,1.9058,1.9058,1.9058,4,333,123539,446956
2017-12-26,201902,1.9467,1.9467,1.9467,1.9467,12,333,174900,447530
2017-12-27,201902,1.9342,1.9342,1.9342,1.9342,91,341,218505,447581
2017-12-28,201902,1.9391,1.9391,1.9391,1.9391,53,345,158094,448865
2017-12-29,201902,1.9458,1.9458,1.9458,1.9458,37,341,188061,439130
2018-01-02,201902,1.94,1.9415,1.94,1.9408,87,375,210337,444309
2018-01-03,201902,1.965,1.965,1.965,1.9698,24,385,229718,444671
2018-01-04,201902,1.9716,1.9716,1.9716,1.9716,26,380,204045,443952
2018-01-05,201902,1.9685,1.9685,1.9685,1.9685,25,405,197246,454175
2018-01-08,201902,1.9705,1.9705,1.9705,1.9705,0,405,228418,452873
2018-01-09,201902,1.9902,1.9902,1.9902,1.9902,2,404,254131,457919
2018-01-10,201902,1.9961,1.9961,1.9961,1.9961,48,439,204204,464645
2018-01-11,201902,1.9972,1.9972,1.9972,1.9972,34,434,245331,467678
2018-01-12,201902,2.0054,2.0054,2.0054,2.0054,76,475,187914,476281
2018-01-16,201902,2.0006,2.0006,2.0006,2.0006,141,606,244349,478605
2018-01-17,201902,2.0046,2.0046,2.0046,2.0046,13,607,167577,479813
2018-01-18,201902,2.0064,2.0064,2.0064,2.0064,69,664,231999,476288
2018-01-19,201902,1.9937,1.9937,1.9937,1.9937,22,663,191548,481475
2018-01-22,201902,2.002,2.002,1.9948,1.9996,4,665,167308,475705
2018-01-23,201902,2.02,2.02,2.02,2.02,27,680,203095,479213
2018-01-24,201902,2.031,2.031,2.031,2.031,90,761,290229,478803
2018-01-25,201902,2.0313,2.0313,2.0313,2.0313,12,771,226194,486149
2018-01-26,201902,2.0296,2.0296,2.0296,2.0296,15,782,247545,490790
2018-01-29,201902,2.0152,2.0152,2.0152,2.0152,120,807,213520,481681
2018-01-30,201902,2.015,2.015,1.9935,1.9966,87,849,201901,474372
2018-01-31,201902,1.995,2.005,1.9902,2.0032,347,999,195861,469302
2018-02-01,201902,2.0187,2.0187,2.0187,2.0187,125,1077,164970,476847
2018-02-02,201902,1.9925,1.9925,1.988,1.9908,91,1104,181816,475757
2018-02-05,201902,1.9716,1.9897,1.9585,1.9718,207,1137,187311,467714
2018-02-06,201902,1.955,1.9624,1.9395,1.9408,131,1186,204669,456755
2018-02-07,201902,1.92,1.92,1.9056,1.9023,292,1224,304996,447275
2018-02-08,201902,1.8971,1.899,1.882,1.8932,91,1240,224603,440757
2018-02-09,201902,1.8801,1.8801,1.82,1.8404,286,1251,326914,431495
2018-02-12,201902,1.8503,1.872,1.8318,1.8324,437,1207,228754,422664
2018-02-13,201902,1.8245,1.844,1.8216,1.8366,139,1229,214003,427932
2018-02-14,201902,1.8426,1.8714,1.8177,1.8666,489,1262,287290,433366
2018-02-15,201902,1.8562,1.8814,1.8413,1.8704,423,1216,191502,425835
2018-02-16,201902,1.8885,1.8885,1.8885,1.8885,742,1131,163027,422354
2018-02-20,201902,1.9005,1.9181,1.8939,1.9105,242,1156,152951,425679
2018-02-21,201902,1.9058,1.915,1.8935,1.9147,274,1232,139684,423566
2018-02-22,201902,1.9158,1.9385,1.9025,1.9329,987,1671,167937,416336
2018-02-23,201902,1.9299,1.9524,1.92,1.9513,384,1860,173129,413317
2018-02-26,201902,1.9513,1.9663,1.9413,1.9624,206,1933,147682,413586
2018-02-27,201902,1.9652,1.9652,1.9418,1.9485,152,1940,133895,408024
2018-02-28,201902,1.9361,1.9558,1.897,1.8994,296,1913,231084,403273
2018-03-01,201902,1.8904,1.9051,1.8664,1.8799,419,2127,201449,401689
2018-03-02,201902,1.861,1.8899,1.8547,1.8829,146,2097,187078,400779
2018-03-05,201902,1.874,1.913,1.871,1.9086,90,2075,155688,391670
2018-03-06,201902,1.9093,1.9194,1.9003,1.9156,224,2064,161001,388432
2018-03-07,201902,1.9107,1.9182,1.8779,1.8911,799,2097,217921,379292
2018-03-08,201902,1.8898,1.8941,1.8746,1.8763,808,2397,201458,382690
2018-03-09,201902,1.8904,1.9147,1.8888,1.913,317,2425,223446,388764
2018-03-12,201902,1.9,1.9175,1.8795,1.8993,725,2764,218603,391397
2018-03-13,201902,1.9059,1.915,1.8819,1.898,282,2782,204901,392611
2018-03-14,201902,1.904,1.9132,1.8908,1.9064,400,2822,178759,396576
2018-03-15,201902,1.9085,1.9134,1.8985,1.9086,550,2967,135457,396223
2018-03-16,201902,1.9034,1.9348,1.9018,1.9318,405,3182,125110,400773
2018-03-19,201902,1.9369,1.9387,1.9151,1.9265,209,3330,133068,397702
2018-03-20,201902,1.9553,1.9639,1.9478,1.9542,417,3221,184445,403141
2018-03-21,201902,1.9754,2.0156,1.9716,2.0067,996,3147,206950,411373
2018-03-22,201902,1.9923,2.0116,1.9857,1.9976,326,3162,183925,413638
2018-03-23,201902,2.0053,2.026,1.994,2.0246,225,3258,175830,418280
2018-03-26,201902,2.0252,2.0364,2.009,2.0184,262,3249,142771,419501
2018-03-27,201902,2.0329,2.0386,2.0024,2.0181,344,3242,156157,418447
2018-03-28,201902,2.0074,2.0179,1.988,2.0036,373,3228,184344,416478
2018-03-29,201902,1.9957,2.0243,1.991,2.0128,834,3332,137128,413587
2018-04-02,201902,2.0159,2.0275,1.9712,1.9735,268,3400,132839,423003
2018-04-03,201902,1.9792,1.9902,1.9747,1.9829,547,3535,150344,429952
2018-04-04,201902,1.9651,1.977,1.9479,1.9721,483,3572,161550,429968
2018-04-05,201902,1.9626,1.9825,1.9589,1.9735,417,3609,149977,433792
2018-04-06,201902,1.9729,1.9821,1.9462,1.9539,485,3535,188186,435886
2018-04-09,201902,1.9615,1.9861,1.9615,1.979,408,3500,189501,425852
2018-04-10,201902,1.9988,2.0343,1.9785,2.032,1096,3651,283837,426214
2018-04-11,201902,2.0218,2.0775,2.0181,2.0562,1200,3334,335843,429978
2018-04-12,201902,2.0546,2.066,2.0375,2.0519,1247,3811,220409,439890
2018-04-13,201902,2.0418,2.066,2.0368,2.0641,237,3854,157431,440592
2018-04-16,201902,2.0441,2.0661,2.0321,2.0428,252,3864,168463,439562
2018-04-17,201902,2.032,2.0528,2.029,2.0428,709,3939,236099,444457
2018-04-18,201902,2.055,2.0881,2.0505,2.079,2076,3793,237165,442968
2018-04-19,201902,2.0862,2.1088,2.0813,2.0894,456,3821,176015,445478
2018-04-20,201902,2.0777,2.1038,2.0715,2.1033,225,3842,177771,445402
2018-04-23,201902,2.0858,2.1268,2.0804,2.1185,176,3843,173250,445818
2018-04-24,201902,2.1172,2.1319,2.0984,2.1013,374,3843,167702,446685
2018-04-25,201902,2.0977,2.106,2.0884,2.102,358,3805,183444,443672
2018-04-26,201902,2.1178,2.1223,2.1069,2.1161,712,4027,204042,439219
2018-04-27,201902,2.1159,2.1215,2.1076,2.1121,371,4120,202123,436202
2018-04-30,201902,2.0985,2.1495,2.09,2.1301,763,4174,169954,431140
2018-05-01,201902,2.114,2.1319,2.0866,2.0917,693,4117,214440,436160
2018-05-02,201902,2.092,2.1075,2.0865,2.1045,1796,4220,245508,428431
2018-05-03,201902,2.0948,2.1108,2.0854,2.1033,1423,4631,197101,432955
2018-05-04,201902,2.1153,2.1453,2.0982,2.1439,823,4685,165895,435748
2018-05-07,201902,2.155,2.1749,2.1401,2.1744,348,4756,179106,438733
2018-05-08,201902,2.1629,2.1695,2.1016,2.1409,654,4874,296601,423576
2018-05-09,201902,2.179,2.1999,2.176,2.1973,1416,4313,263244,423391
2018-05-10,201902,2.1992,2.2106,2.1814,2.2087,454,4254,215088,425451
2018-05-11,201902,2.2051,2.2168,2.2015,2.2078,279,4297,199912,434394
2018-05-14,201902,2.2012,2.2335,2.1952,2.2275,1029,4623,191742,441986
2018-05-15,201902,2.2395,2.2529,2.2226,2.2332,800,4961,209537,448472
2018-05-16,201902,2.2247,2.2528,2.219,2.2514,600,5111,185422,454728
2018-05-17,201902,2.2717,2.285,2.2497,2.2653,919,4899,190956,452365
2018-05-18,201902,2.2755,2.2779,2.2485,2.2508,395,5006,154858,451730
2018-05-21,201902,2.2616,2.2757,2.242,2.268,1054,5109,154786,451548
2018-05-22,201902,2.2819,2.2931,2.2671,2.2768,532,5276,144037,453302
2018-05-23,201902,2.2637,2.2832,2.2494,2.2827,405,5263,190428,452209
2018-05-24,201902,2.2635,2.2716,2.2522,2.2605,360,5296,157583,450749
2018-05-25,201902,2.2158,2.2255,2.1989,2.2041,494,5472,168503,443113
2018-05-29,201902,2.1873,2.1986,2.1678,2.1817,1443,5517,199869,430364
2018-05-30,201902,2.196,2.2301,2.1753,2.2262,1192,5678,189279,422908
2018-05-31,201902,2.2196,2.2431,2.1981,2.2126,1495,5898,220389,415812
2018-06-01,201902,2.2032,2.2202,2.1846,2.195,1407,5922,189016,416747
2018-06-04,201902,2.1953,2.2017,2.1685,2.1732,1223,6185,179720,404920
2018-06-05,201902,2.1409,2.1786,2.1407,2.1654,473,6191,145201,407264
2018-06-06,201902,2.1643,2.1836,2.1386,2.1551,1029,6357,186857,410170
2018-06-07,201902,2.1794,2.2045,2.1673,2.2029,2155,6680,206839,410716
2018-06-08,201902,2.1932,2.2032,2.1837,2.1882,2525,7509,188215,414175
2018-06-11,201902,2.1745,2.1965,2.169,2.1878,1645,7544,179438,414138
2018-06-12,201902,2.1924,2.2053,2.1733,2.1837,2388,8084,180912,416105
2018-06-13,201902,2.1798,2.2062,2.167,2.205,3634,8825,194827,423424
2018-06-14,201902,2.2006,2.2039,2.1783,2.181,2114,9301,147886,426203
2018-06-15,201902,2.1725,2.1825,2.1047,2.1108,1582,9496,170127,421877
2018-06-18,201902,2.1164,2.1558,2.0927,2.1524,1428,9790,139773,412226
2018-06-19,201902,2.1422,2.151,2.1277,2.1435,1588,9832,149841,403990
2018-06-20,201902,2.1401,2.15,2.1158,2.134,2695,10330,186087,402551
2018-06-21,201902,2.1072,2.1352,2.0963,2.0978,3754,11293,229512,397545
2018-06-22,201902,2.1168,2.1563,2.1108,2.1552,1910,11288,203682,394484
2018-06-25,201902,2.1391,2.1441,2.1201,2.1356,1318,11316,177391,385752
2018-06-26,201902,2.1557,2.1727,2.1217,2.1648,1564,11358,159748,375282
2018-06-27,201902,2.1643,2.2132,2.1641,2.2043,2876,11298,190877,376110
2018-06-28,201902,2.2134,2.217,2.1924,2.2038,2724,10934,148935,375818
2018-06-29,201902,2.2092,2.2396,2.1933,2.2331,5447,10414,182710,390335
2018-07-02,201902,2.2169,2.2246,2.183,2.1849,2587,10787,163431,403515
2018-07-03,201902,2.2074,2.2149,2.1691,2.1925,2303,10653,141394,415366
2018-07-05,201902,2.2034,2.223,2.1922,2.2008,2391,10485,163324,414122
2018-07-06,201902,2.1975,2.207,2.1817,2.1951,1537,10417,167669,416468
2018-07-09,201902,2.2163,2.2335,2.213,2.2211,2821,10216,144340,413955
2018-07-10,201902,2.236,2.2558,2.2305,2.2463,3173,9871,156010,412861
2018-07-11,201902,2.2227,2.2319,2.1218,2.1278,2829,9867,217769,412468
2018-07-12,201902,2.1473,2.161,2.1131,2.1484,5052,10810,225132,414143
2018-07-13,201902,2.1435,2.1733,2.1213,2.1621,4675,11135,191688,411738
2018-07-16,201902,2.1315,2.134,2.0813,2.0814,3279,11197,199108,412301
2018-07-17,201902,2.0863,2.1075,2.08,2.0961,1726,11713,146623,405880
2018-07-18,201902,2.0858,2.1181,2.0743,2.1141,2722,12035,159547,403048
2018-07-19,201902,2.1004,2.1282,2.0964,2.1121,2336,11906,158950,396418
2018-07-20,201902,2.12,2.1348,2.1169,2.1272,2139,12015,129800,396096
2018-07-23,201902,2.1282,2.1548,2.1275,2.1402,3834,12696,121457,394688
2018-07-24,201902,2.1485,2.1696,2.1423,2.1552,3223,13218,133606,390739
2018-07-25,201902,2.1655,2.1769,2.154,2.1728,2271,13431,142738,392465
2018-07-26,201902,2.1883,2.1953,2.1729,2.1926,2057,13465,136870,388122
2018-07-27,201902,2.1935,2.1957,2.1733,2.175,2454,13647,137258,392991
2018-07-30,201902,2.1776,2.1941,2.1746,2.1933,1711,13841,123891,394337
2018-07-31,201902,2.1838,2.1872,2.1466,2.1554,2226,14070,165137,395728
2018-08-01,201902,2.1265,2.1308,2.1075,2.1141,2450,14391,178988,396824
2018-08-02,201902,2.1192,2.1495,2.105,2.1432,2088,14447,151545,384111
2018-08-03,201902,2.1373,2.1531,2.1263,2.1404,1921,14673,134240,379832
2018-08-06,201902,2.1452,2.1732,2.144,2.1525,2361,14998,116467,379372
2018-08-07,201902,2.1845,2.1846,2.1694,2.1799,1873,15037,137492,378072
2018-08-08,201902,2.1755,2.1824,2.1153,2.1265,2597,16227,171896,382355
2018-08-09,201902,2.1266,2.141,2.1179,2.1206,1853,16581,153312,381545
2018-08-10,201902,2.1132,2.1567,2.1132,2.1458,3815,16166,165409,379016
2018-08-13,201902,2.1502,2.1515,2.11,2.143,2465,15938,143958,387118
2018-08-14,201902,2.158,2.1809,2.1322,2.1388,3417,16156,164953,391186
2018-08-15,201902,2.1359,2.137,2.0881,2.0991,2367,16343,175671,390610
2018-08-16,201902,2.09,2.1091,2.09,2.1077,2551,16793,149273,384026
2018-08-17,201902,2.1153,2.1328,2.1046,2.1119,2852,17632,113901,384714
2018-08-20,201902,2.1134,2.1296,2.1089,2.126,3630,17561,133939,385571
2018-08-21,201902,2.1321,2.149,2.1315,2.1342,6395,17725,173311,394006
2018-08-22,201902,2.1529,2.1863,2.1499,2.1817,4755,17766,172964,394686
2018-08-23,201902,2.1723,2.1885,2.1723,2.1864,5459,17903,144138,394396
2018-08-24,201902,2.1973,2.2244,2.1973,2.2128,5803,18256,197318,402099
2018-08-27,201902,2.2064,2.227,2.2031,2.2242,2959,18275,119764,399361
2018-08-28,201902,2.2271,2.2402,2.216,2.2188,4992,18052,175638,398978
2018-08-29,201902,2.2184,2.2548,2.2173,2.2493,4640,17926,165681,404085
2018-08-30,201902,2.2518,2.2637,2.2467,2.2562,4438,18121,172877,407737
2018-08-31,201902,2.2462,2.2608,2.2409,2.2447,4211,18349,153013,409416
2018-09-04,201902,2.2568,2.3031,2.2408,2.2558,9226,19220,262785,416226
2018-09-05,201902,2.2552,2.2575,2.2322,2.2376,3312,19344,150102,419529
2018-09-06,201902,2.231,2.2453,2.1949,2.2128,6086,19173,174116,428270
2018-09-07,201902,2.2128,2.2228,2.1953,2.2194,4777,19194,157360,424880
2018-09-10,201902,2.2265,2.2394,2.2147,2.2211,7245,19884,191874,422001
2018-09-11,201902,2.2306,2.2623,2.2228,2.2542,9719,21144,213299,424546
2018-09-12,201902,2.261,2.2741,2.2492,2.2639,8988,21666,253903,417234
2018-09-13,201902,2.2572,2.2613,2.2236,2.2299,8509,23228,179535,417030
2018-09-14,201902,2.2371,2.2414,2.2055,2.2188,11263,22900,185607,423627
2018-09-17,201902,2.2175,2.2425,2.2137,2.2182,6213,22371,154380,423255
2018-09-18,201902,2.2102,2.2642,2.206,2.2452,6703,23279,171640,419211
2018-09-19,201902,2.2463,2.2588,2.2279,2.2547,6356,23959,162185,423446
2018-09-20,201902,2.2593,2.2684,2.2345,2.2379,5980,25250,172952,427250
2018-09-21,201902,2.2402,2.272,2.226,2.2371,9013,25832,201157,431355
2018-09-24,201902,2.253,2.3016,2.2528,2.2949,6428,26064,177938,421809
2018-09-25,201902,2.3049,2.3236,2.2973,2.3142,6797,26537,179564,416090
2018-09-26,201902,2.3065,2.3221,2.2976,2.3075,7805,26373,169519,413558
2018-09-27,201902,2.3211,2.3349,2.3103,2.3284,6803,27375,145630,413700
2018-09-28,201902,2.3296,2.3683,2.3254,2.3527,7839,26922,136566,416807
2018-10-01,201902,2.3572,2.4223,2.3514,2.4123,10361,27161,145228,418837
2018-10-02,201902,2.415,2.4214,2.4005,2.4119,7642,27725,151473,421971
2018-10-03,201902,2.4112,2.4543,2.3949,2.4428,6477,28955,125694,429147
2018-10-04,201902,2.4339,2.4448,2.3903,2.4035,9479,29147,152416,430234
2018-10-05,201902,2.4119,2.4169,2.3916,2.396,9648,29218,154255,433421
2018-10-08,201902,2.4,2.4007,2.3638,2.3965,10378,28973,202293,424605
2018-10-09,201902,2.396,2.4321,2.3911,2.4247,15284,28225,230670,414138
2018-10-10,201902,2.4213,2.4284,2.3787,2.3942,15573,27315,228510,424100
2018-10-11,201902,2.3817,2.3842,2.3213,2.3315,10897,27919,205514,421692
2018-10-12,201902,2.3352,2.3551,2.2969,2.3217,14085,28464,192640,423203
2018-10-15,201902,2.3479,2.3528,2.3056,2.3273,8419,27280,135874,421974
2018-10-16,201902,2.3263,2.3493,2.3082,2.3407,15145,29930,168608,422325
2018-10-17,201902,2.3483,2.3531,2.2964,2.3128,12491,30074,178627,428094
2018-10-18,201902,2.3188,2.3201,2.2853,2.2956,9099,30833,136672,426568
2018-10-19,201902,2.301,2.3295,2.2939,2.3019,7782,30440,128512,421143
2018-10-22,201902,2.3093,2.3237,2.2896,2.3163,11408,31634,127526,420785
2018-10-23,201902,2.3189,2.3225,2.2361,2.2477,13895,32556,180076,424721
2018-10-24,201902,2.2442,2.2727,2.2304,2.2506,15597,34613,185741,426132
2018-10-25,201902,2.2361,2.2795,2.2315,2.2735,17680,34780,200004,424470
2018-10-26,201902,2.2684,2.3034,2.2527,2.2962,23064,35064,219815,421281
2018-10-29,201902,2.2947,2.3047,2.2616,2.2777,14580,36074,168167,418747
2018-10-30,201902,2.2688,2.28,2.2285,2.2518,15205,35642,176208,417803
2018-10-31,201902,2.2604,2.2853,2.2337,2.2428,17857,34411,170920,414846
2018-11-01,201902,2.2366,2.2438,2.1833,2.1898,23565,35946,205724,410546
2018-11-02,201902,2.1875,2.1995,2.1541,2.1619,22965,35865,206073,403661
2018-11-05,201902,2.1575,2.2001,2.1461,2.1789,34913,35739,268703,389488
2018-11-06,201902,2.1669,2.1949,2.149,2.1715,27166,37801,206355,389963
2018-11-07,201902,2.1661,2.2208,2.1639,2.2125,50834,34729,345777,384313
2018-11-08,201902,2.2139,2.2283,2.1495,2.1518,50054,39242,335054,372638
2018-11-09,201902,2.1541,2.1607,2.1063,2.1546,37431,40306,270809,378773
2018-11-12,201902,2.165,2.1887,2.1121,2.1425,35811,40953,223227,379627
2018-11-13,201902,2.122,2.1351,2.038,2.0498,33157,41922,239686,373280
2018-11-14,201902,2.0493,2.1195,2.0382,2.0775,34773,45014,237704,371626
2018-11-15,201902,2.0775,2.0912,2.0532,2.0581,23007,47273,183282,372655
2018-11-16,201902,2.0629,2.0916,2.0421,2.0576,15837,48270,140586,367929
2018-11-19,201902,2.0661,2.0812,2.0358,2.0661,22426,47681,173707,368434
2018-11-20,201902,2.0673,2.0676,1.9541,1.9702,30355,46796,200265,363730
2018-11-21,201902,1.9693,1.9943,1.95,1.9558,25232,47927,201429,368034
2018-11-23,201902,1.962,1.9657,1.8554,1.8608,15405,48807,112336,368292
2018-11-26,201902,1.8531,1.9017,1.8531,1.8788,23870,51500,168354,368876
2018-11-27,201902,1.8765,1.897,1.8475,1.8734,23521,51743,176226,368216
2018-11-28,201902,1.8869,1.8928,1.8241,1.8276,36525,54877,227239,373371
2018-11-29,201902,1.832,1.8517,1.8071,1.8324,31474,56484,197012,370812
2018-11-30,201902,1.8231,1.8424,1.7778,1.8224,35415,53897,196383,363994
2018-12-03,201902,1.8408,1.8992,1.8408,1.8797,30832,55140,150875,364574
2018-12-04,201902,1.8854,1.9392,1.8756,1.8927,34108,55711,178715,365630
2018-12-05,201902,1.878,1.9252,1.8657,1.8812,17412,55796,95366,364607
2018-12-06,201902,1.8835,1.8935,1.8074,1.8501,43393,58254,196406,368363
2018-12-07,201902,1.8591,1.9443,1.8239,1.8778,41515,60065,199928,363265
2018-12-10,201902,1.8631,1.8917,1.8285,1.8353,35843,61430,138508,365295
2018-12-11,201902,1.8392,1.8623,1.8266,1.8392,31840,62926,134688,365338
2018-12-12,201902,1.8435,1.8769,1.8405,1.8438,51358,69302,203680,366854
2018-12-13,201902,1.8454,1.884,1.8225,1.8704,41455,73796,174571,369110
2018-12-14,201902,1.8777,1.8777,1.832,1.8392,37685,76926,141555,370205
2018-12-17,201902,1.8381,1.8622,1.7995,1.8216,37563,81964,134705,370308
2018-12-18,201902,1.7987,1.8136,1.7392,1.7473,53109,86131,204063,377724
2018-12-19,201902,1.7499,1.813,1.7477,1.7967,69164,92068,217270,376799
2018-12-20,201902,1.785,1.7908,1.7355,1.7371,73510,97630,226460,378031
2018-12-21,201902,1.7485,1.7639,1.6992,1.7249,81151,101705,212903,376651
2018-12-24,201902,1.7254,1.7432,1.6524,1.6544,30033,102252,81149,369393
2018-12-26,201902,1.663,1.7493,1.638,1.728,58093,108798,140388,368064
2018-12-27,201902,1.7405,1.7411,1.6676,1.6735,62152,113554,160548,368562
2018-12-28,201902,1.6929,1.7154,1.645,1.6604,62489,116145,162287,369244
2018-12-31,201902,1.6539,1.7113,1.653,1.6794,36247,116677,84734,368298
2019-01-02,201902,1.6895,1.7489,1.6424,1.7006,65508,116642,154893,375548
2019-01-03,201902,1.7008,1.7466,1.6801,1.742,56552,114946,140165,376341
2019-01-04,201902,1.73,1.8035,1.7236,1.7692,61138,109341,146431,373555
2019-01-07,201902,1.7809,1.8245,1.7764,1.7784,57180,102158,141657,365121
2019-01-08,201902,1.781,1.8296,1.7757,1.827,57586,97250,158206,365700
2019-01-09,201902,1.8192,1.888,1.8192,1.8808,63300,92069,169839,360610
2019-01-10,201902,1.8816,1.9098,1.8605,1.9061,71415,88285,172333,361157
2019-01-11,201902,1.8995,1.9235,1.8729,1.8797,61409,81852,178095,365061
2019-01-14,201902,1.8828,1.9045,1.8492,1.8525,82087,75109,236904,364730
2019-01-15,201902,1.8578,1.8788,1.8502,1.8722,64075,67040,183002,357990
2019-01-16,201902,1.8679,1.8979,1.8587,1.8946,60860,61705,174676,361045
2019-01-17,201902,1.8921,1.8921,1.8534,1.8843,40548,58055,110862,363267
2019-01-18,201902,1.8842,1.9228,1.8805,1.916,43436,51782,149390,369892
2019-01-22,201902,1.9115,1.9268,1.8672,1.9011,40785,47627,171368,367478
2019-01-23,201902,1.9029,1.9237,1.8684,1.8886,30757,41674,166874,364668
2019-01-24,201902,1.8873,1.8995,1.8648,1.8856,21102,35191,128575,369289
2019-01-25,201902,1.887,1.905,1.8753,1.8919,17977,30908,113203,372110
2019-01-28,201902,1.8874,1.8905,1.8315,1.8377,32928,20151,197428,369172
2019-01-29,201902,1.8402,1.9037,1.8375,1.8975,20717,13235,194212,373547
2019-01-30,201902,1.8951,1.9205,1.8879,1.8984,19688,5764,159824,374192
2019-01-31,201902,1.9104,1.93,1.8708,1.8788,5368,2637,180306,369612
